parametrs[
	particles: 30
	x_max: 66.8
	x_min: 0
	y_max: 66.8
	y_min: 0
	z_max: 6.68
	z_min: 0
	mass: 20.00e-13
	rho0: 1000.0
	time_step: 20.0e-06
]
model[
	position[
		3.16926 2.76419 5.32288 1
		4.22405 4.90598 2.28796 1
		5.74508 0.74981 0.211814 1
		9.44194 3.36518 4.48602 1
		9.92306 2.83534 2.30855 1
		10.9507 6.52201 0.931453 1
		14.1954 2.64941 6.14669 1
		13.8589 0.784263 4.15433 1
		18.2146 4.13823 1.10861 1
		22.8289 3.23226 3.68789 1
		24.9539 2.11794 0.479487 1
		25.2915 5.02952 1.20647 1
		32.8842 0.46114 3.47119 1
		31.1385 0.734725 0.67642 1
		29.4664 1.24459 0.953062 1
		39.046 1.50309 4.78203 1
		39.8661 2.00214 5.27334 1
		38.8788 6.26595 1.21299 1
		42.9612 0.819532 1.2666 1
		42.2675 6.45758 6.58785 1
		43.3186 1.55935 0.834414 1
		51.0581 0.384691 1.74365 1
		46.8364 4.78468 2.71424 1
		50.5262 1.08068 5.9306 1
		53.9203 1.53448 2.58254 1
		54.1918 3.65038 0.0809339 1
		55.3775 1.05764 4.7121 1
		60.8637 2.53586 2.45941 1
		61.523 3.84385 4.05872 1
		64.1302 2.5065 3.13012 1
	]
	velocity[
		0 0 0 1
		0 0 0 1
		0 0 0 1
		0 0 0 1
		0 0 0 1
		0 0 0 1
		0 0 0 1
		0 0 0 1
		0 0 0 1
		0 0 0 1
		0 0 0 1
		0 0 0 1
		0 0 0 1
		0 0 0 1
		0 0 0 1
		0 0 0 1
		0 0 0 1
		0 0 0 1
		0 0 0 1
		0 0 0 1
		0 0 0 1
		0 0 0 1
		0 0 0 1
		0 0 0 1
		0 0 0 1
		0 0 0 1
		0 0 0 1
		0 0 0 1
		0 0 0 1
		0 0 0 1
	]
]