parameters[
	particles:30
	x_max: 20.04
	x_min: 0
	y_max: 20.04
	y_min: 0
	z_max: 13.36
	z_min: 0
	mass: 20.00e-13
	rho0: 1000.0
	time_step: 20.0e-06
]
model[
	position[
		1.67 1.67 1.67 1
		1.67 1.67 3.34 1
		1.67 1.67 5.01 1
		1.67 1.67 6.68 1
		1.67 1.67 8.35 1
		1.67 1.67 10.02 1
		1.67 1.67 11.69 1
		1.67 3.34 1.67 1
		1.67 3.34 3.34 1
		1.67 3.34 5.01 1
		1.67 3.34 6.68 1
		1.67 3.34 8.35 1
		1.67 3.34 10.02 1
		1.67 3.34 11.69 1
		1.67 5.01 1.67 1
		1.67 5.01 3.34 1
		1.67 5.01 5.01 1
		1.67 5.01 6.68 1
		1.67 5.01 8.35 1
		1.67 5.01 10.02 1
		1.67 5.01 11.69 1
		1.67 6.68 1.67 1
		1.67 6.68 3.34 1
		1.67 6.68 5.01 1
		1.67 6.68 6.68 1
		1.67 6.68 8.35 1
		1.67 6.68 10.02 1
		1.67 6.68 11.69 1
		1.67 8.35 1.67 1
		1.67 8.35 3.34 1
		1.67 8.35 5.01 1
		1.67 8.35 6.68 1
		1.67 8.35 8.35 1
		1.67 8.35 10.02 1
		1.67 8.35 11.69 1
		1.67 10.02 1.67 1
		1.67 10.02 3.34 1
		1.67 10.02 5.01 1
		1.67 10.02 6.68 1
		1.67 10.02 8.35 1
		1.67 10.02 10.02 1
		1.67 10.02 11.69 1
		1.67 11.69 1.67 1
		1.67 11.69 3.34 1
		1.67 11.69 5.01 1
		1.67 11.69 6.68 1
		1.67 11.69 8.35 1
		1.67 11.69 10.02 1
		1.67 11.69 11.69 1
		1.67 13.36 1.67 1
		1.67 13.36 3.34 1
		1.67 13.36 5.01 1
		1.67 13.36 6.68 1
		1.67 13.36 8.35 1
		1.67 13.36 10.02 1
		1.67 13.36 11.69 1
		1.67 15.03 1.67 1
		1.67 15.03 3.34 1
		1.67 15.03 5.01 1
		1.67 15.03 6.68 1
		1.67 15.03 8.35 1
		1.67 15.03 10.02 1
		1.67 15.03 11.69 1
		1.67 16.7 1.67 1
		1.67 16.7 3.34 1
		1.67 16.7 5.01 1
		1.67 16.7 6.68 1
		1.67 16.7 8.35 1
		1.67 16.7 10.02 1
		1.67 16.7 11.69 1
		1.67 18.369999999999997 1.67 1
		1.67 18.369999999999997 3.34 1
		1.67 18.369999999999997 5.01 1
		1.67 18.369999999999997 6.68 1
		1.67 18.369999999999997 8.35 1
		1.67 18.369999999999997 10.02 1
		1.67 18.369999999999997 11.69 1
		3.34 1.67 1.67 1
		3.34 1.67 3.34 1
		3.34 1.67 5.01 1
		3.34 1.67 6.68 1
		3.34 1.67 8.35 1
		3.34 1.67 10.02 1
		3.34 1.67 11.69 1
		3.34 3.34 1.67 1
		3.34 3.34 3.34 1
		3.34 3.34 5.01 1
		3.34 3.34 6.68 1
		3.34 3.34 8.35 1
		3.34 3.34 10.02 1
		3.34 3.34 11.69 1
		3.34 5.01 1.67 1
		3.34 5.01 3.34 1
		3.34 5.01 5.01 1
		3.34 5.01 6.68 1
		3.34 5.01 8.35 1
		3.34 5.01 10.02 1
		3.34 5.01 11.69 1
		3.34 6.68 1.67 1
		3.34 6.68 3.34 1
		3.34 6.68 5.01 1
		3.34 6.68 6.68 1
		3.34 6.68 8.35 1
		3.34 6.68 10.02 1
		3.34 6.68 11.69 1
		3.34 8.35 1.67 1
		3.34 8.35 3.34 1
		3.34 8.35 5.01 1
		3.34 8.35 6.68 1
		3.34 8.35 8.35 1
		3.34 8.35 10.02 1
		3.34 8.35 11.69 1
		3.34 10.02 1.67 1
		3.34 10.02 3.34 1
		3.34 10.02 5.01 1
		3.34 10.02 6.68 1
		3.34 10.02 8.35 1
		3.34 10.02 10.02 1
		3.34 10.02 11.69 1
		3.34 11.69 1.67 1
		3.34 11.69 3.34 1
		3.34 11.69 5.01 1
		3.34 11.69 6.68 1
		3.34 11.69 8.35 1
		3.34 11.69 10.02 1
		3.34 11.69 11.69 1
		3.34 13.36 1.67 1
		3.34 13.36 3.34 1
		3.34 13.36 5.01 1
		3.34 13.36 6.68 1
		3.34 13.36 8.35 1
		3.34 13.36 10.02 1
		3.34 13.36 11.69 1
		3.34 15.03 1.67 1
		3.34 15.03 3.34 1
		3.34 15.03 5.01 1
		3.34 15.03 6.68 1
		3.34 15.03 8.35 1
		3.34 15.03 10.02 1
		3.34 15.03 11.69 1
		3.34 16.7 1.67 1
		3.34 16.7 3.34 1
		3.34 16.7 5.01 1
		3.34 16.7 6.68 1
		3.34 16.7 8.35 1
		3.34 16.7 10.02 1
		3.34 16.7 11.69 1
		3.34 18.369999999999997 1.67 1
		3.34 18.369999999999997 3.34 1
		3.34 18.369999999999997 5.01 1
		3.34 18.369999999999997 6.68 1
		3.34 18.369999999999997 8.35 1
		3.34 18.369999999999997 10.02 1
		3.34 18.369999999999997 11.69 1
		5.01 1.67 1.67 1
		5.01 1.67 3.34 1
		5.01 1.67 5.01 1
		5.01 1.67 6.68 1
		5.01 1.67 8.35 1
		5.01 1.67 10.02 1
		5.01 1.67 11.69 1
		5.01 3.34 1.67 1
		5.01 3.34 3.34 1
		5.01 3.34 5.01 1
		5.01 3.34 6.68 1
		5.01 3.34 8.35 1
		5.01 3.34 10.02 1
		5.01 3.34 11.69 1
		5.01 5.01 1.67 1
		5.01 5.01 3.34 1
		5.01 5.01 5.01 1
		5.01 5.01 6.68 1
		5.01 5.01 8.35 1
		5.01 5.01 10.02 1
		5.01 5.01 11.69 1
		5.01 6.68 1.67 1
		5.01 6.68 3.34 1
		5.01 6.68 5.01 1
		5.01 6.68 6.68 1
		5.01 6.68 8.35 1
		5.01 6.68 10.02 1
		5.01 6.68 11.69 1
		5.01 8.35 1.67 1
		5.01 8.35 3.34 1
		5.01 8.35 5.01 1
		5.01 8.35 6.68 1
		5.01 8.35 8.35 1
		5.01 8.35 10.02 1
		5.01 8.35 11.69 1
		5.01 10.02 1.67 1
		5.01 10.02 3.34 1
		5.01 10.02 5.01 1
		5.01 10.02 6.68 1
		5.01 10.02 8.35 1
		5.01 10.02 10.02 1
		5.01 10.02 11.69 1
		5.01 11.69 1.67 1
		5.01 11.69 3.34 1
		5.01 11.69 5.01 1
		5.01 11.69 6.68 1
		5.01 11.69 8.35 1
		5.01 11.69 10.02 1
		5.01 11.69 11.69 1
		5.01 13.36 1.67 1
		5.01 13.36 3.34 1
		5.01 13.36 5.01 1
		5.01 13.36 6.68 1
		5.01 13.36 8.35 1
		5.01 13.36 10.02 1
		5.01 13.36 11.69 1
		5.01 15.03 1.67 1
		5.01 15.03 3.34 1
		5.01 15.03 5.01 1
		5.01 15.03 6.68 1
		5.01 15.03 8.35 1
		5.01 15.03 10.02 1
		5.01 15.03 11.69 1
		5.01 16.7 1.67 1
		5.01 16.7 3.34 1
		5.01 16.7 5.01 1
		5.01 16.7 6.68 1
		5.01 16.7 8.35 1
		5.01 16.7 10.02 1
		5.01 16.7 11.69 1
		5.01 18.369999999999997 1.67 1
		5.01 18.369999999999997 3.34 1
		5.01 18.369999999999997 5.01 1
		5.01 18.369999999999997 6.68 1
		5.01 18.369999999999997 8.35 1
		5.01 18.369999999999997 10.02 1
		5.01 18.369999999999997 11.69 1
		6.68 1.67 1.67 1
		6.68 1.67 3.34 1
		6.68 1.67 5.01 1
		6.68 1.67 6.68 1
		6.68 1.67 8.35 1
		6.68 1.67 10.02 1
		6.68 1.67 11.69 1
		6.68 3.34 1.67 1
		6.68 3.34 3.34 1
		6.68 3.34 5.01 1
		6.68 3.34 6.68 1
		6.68 3.34 8.35 1
		6.68 3.34 10.02 1
		6.68 3.34 11.69 1
		6.68 5.01 1.67 1
		6.68 5.01 3.34 1
		6.68 5.01 5.01 1
		6.68 5.01 6.68 1
		6.68 5.01 8.35 1
		6.68 5.01 10.02 1
		6.68 5.01 11.69 1
		6.68 6.68 1.67 1
		6.68 6.68 3.34 1
		6.68 6.68 5.01 1
		6.68 6.68 6.68 1
		6.68 6.68 8.35 1
		6.68 6.68 10.02 1
		6.68 6.68 11.69 1
		6.68 8.35 1.67 1
		6.68 8.35 3.34 1
		6.68 8.35 5.01 1
		6.68 8.35 6.68 1
		6.68 8.35 8.35 1
		6.68 8.35 10.02 1
		6.68 8.35 11.69 1
		6.68 10.02 1.67 1
		6.68 10.02 3.34 1
		6.68 10.02 5.01 1
		6.68 10.02 6.68 1
		6.68 10.02 8.35 1
		6.68 10.02 10.02 1
		6.68 10.02 11.69 1
		6.68 11.69 1.67 1
		6.68 11.69 3.34 1
		6.68 11.69 5.01 1
		6.68 11.69 6.68 1
		6.68 11.69 8.35 1
		6.68 11.69 10.02 1
		6.68 11.69 11.69 1
		6.68 13.36 1.67 1
		6.68 13.36 3.34 1
		6.68 13.36 5.01 1
		6.68 13.36 6.68 1
		6.68 13.36 8.35 1
		6.68 13.36 10.02 1
		6.68 13.36 11.69 1
		6.68 15.03 1.67 1
		6.68 15.03 3.34 1
		6.68 15.03 5.01 1
		6.68 15.03 6.68 1
		6.68 15.03 8.35 1
		6.68 15.03 10.02 1
		6.68 15.03 11.69 1
		6.68 16.7 1.67 1
		6.68 16.7 3.34 1
		6.68 16.7 5.01 1
		6.68 16.7 6.68 1
		6.68 16.7 8.35 1
		6.68 16.7 10.02 1
		6.68 16.7 11.69 1
		6.68 18.369999999999997 1.67 1
		6.68 18.369999999999997 3.34 1
		6.68 18.369999999999997 5.01 1
		6.68 18.369999999999997 6.68 1
		6.68 18.369999999999997 8.35 1
		6.68 18.369999999999997 10.02 1
		6.68 18.369999999999997 11.69 1
		8.35 1.67 1.67 1
		8.35 1.67 3.34 1
		8.35 1.67 5.01 1
		8.35 1.67 6.68 1
		8.35 1.67 8.35 1
		8.35 1.67 10.02 1
		8.35 1.67 11.69 1
		8.35 3.34 1.67 1
		8.35 3.34 3.34 1
		8.35 3.34 5.01 1
		8.35 3.34 6.68 1
		8.35 3.34 8.35 1
		8.35 3.34 10.02 1
		8.35 3.34 11.69 1
		8.35 5.01 1.67 1
		8.35 5.01 3.34 1
		8.35 5.01 5.01 1
		8.35 5.01 6.68 1
		8.35 5.01 8.35 1
		8.35 5.01 10.02 1
		8.35 5.01 11.69 1
		8.35 6.68 1.67 1
		8.35 6.68 3.34 1
		8.35 6.68 5.01 1
		8.35 6.68 6.68 1
		8.35 6.68 8.35 1
		8.35 6.68 10.02 1
		8.35 6.68 11.69 1
		8.35 8.35 1.67 1
		8.35 8.35 3.34 1
		8.35 8.35 5.01 1
		8.35 8.35 6.68 1
		8.35 8.35 8.35 1
		8.35 8.35 10.02 1
		8.35 8.35 11.69 1
		8.35 10.02 1.67 1
		8.35 10.02 3.34 1
		8.35 10.02 5.01 1
		8.35 10.02 6.68 1
		8.35 10.02 8.35 1
		8.35 10.02 10.02 1
		8.35 10.02 11.69 1
		8.35 11.69 1.67 1
		8.35 11.69 3.34 1
		8.35 11.69 5.01 1
		8.35 11.69 6.68 1
		8.35 11.69 8.35 1
		8.35 11.69 10.02 1
		8.35 11.69 11.69 1
		8.35 13.36 1.67 1
		8.35 13.36 3.34 1
		8.35 13.36 5.01 1
		8.35 13.36 6.68 1
		8.35 13.36 8.35 1
		8.35 13.36 10.02 1
		8.35 13.36 11.69 1
		8.35 15.03 1.67 1
		8.35 15.03 3.34 1
		8.35 15.03 5.01 1
		8.35 15.03 6.68 1
		8.35 15.03 8.35 1
		8.35 15.03 10.02 1
		8.35 15.03 11.69 1
		8.35 16.7 1.67 1
		8.35 16.7 3.34 1
		8.35 16.7 5.01 1
		8.35 16.7 6.68 1
		8.35 16.7 8.35 1
		8.35 16.7 10.02 1
		8.35 16.7 11.69 1
		8.35 18.369999999999997 1.67 1
		8.35 18.369999999999997 3.34 1
		8.35 18.369999999999997 5.01 1
		8.35 18.369999999999997 6.68 1
		8.35 18.369999999999997 8.35 1
		8.35 18.369999999999997 10.02 1
		8.35 18.369999999999997 11.69 1
		10.02 1.67 1.67 1
		10.02 1.67 3.34 1
		10.02 1.67 5.01 1
		10.02 1.67 6.68 1
		10.02 1.67 8.35 1
		10.02 1.67 10.02 1
		10.02 1.67 11.69 1
		10.02 3.34 1.67 1
		10.02 3.34 3.34 1
		10.02 3.34 5.01 1
		10.02 3.34 6.68 1
		10.02 3.34 8.35 1
		10.02 3.34 10.02 1
		10.02 3.34 11.69 1
		10.02 5.01 1.67 1
		10.02 5.01 3.34 1
		10.02 5.01 5.01 1
		10.02 5.01 6.68 1
		10.02 5.01 8.35 1
		10.02 5.01 10.02 1
		10.02 5.01 11.69 1
		10.02 6.68 1.67 1
		10.02 6.68 3.34 1
		10.02 6.68 5.01 1
		10.02 6.68 6.68 1
		10.02 6.68 8.35 1
		10.02 6.68 10.02 1
		10.02 6.68 11.69 1
		10.02 8.35 1.67 1
		10.02 8.35 3.34 1
		10.02 8.35 5.01 1
		10.02 8.35 6.68 1
		10.02 8.35 8.35 1
		10.02 8.35 10.02 1
		10.02 8.35 11.69 1
		10.02 10.02 1.67 1
		10.02 10.02 3.34 1
		10.02 10.02 5.01 1
		10.02 10.02 6.68 1
		10.02 10.02 8.35 1
		10.02 10.02 10.02 1
		10.02 10.02 11.69 1
		10.02 11.69 1.67 1
		10.02 11.69 3.34 1
		10.02 11.69 5.01 1
		10.02 11.69 6.68 1
		10.02 11.69 8.35 1
		10.02 11.69 10.02 1
		10.02 11.69 11.69 1
		10.02 13.36 1.67 1
		10.02 13.36 3.34 1
		10.02 13.36 5.01 1
		10.02 13.36 6.68 1
		10.02 13.36 8.35 1
		10.02 13.36 10.02 1
		10.02 13.36 11.69 1
		10.02 15.03 1.67 1
		10.02 15.03 3.34 1
		10.02 15.03 5.01 1
		10.02 15.03 6.68 1
		10.02 15.03 8.35 1
		10.02 15.03 10.02 1
		10.02 15.03 11.69 1
		10.02 16.7 1.67 1
		10.02 16.7 3.34 1
		10.02 16.7 5.01 1
		10.02 16.7 6.68 1
		10.02 16.7 8.35 1
		10.02 16.7 10.02 1
		10.02 16.7 11.69 1
		10.02 18.369999999999997 1.67 1
		10.02 18.369999999999997 3.34 1
		10.02 18.369999999999997 5.01 1
		10.02 18.369999999999997 6.68 1
		10.02 18.369999999999997 8.35 1
		10.02 18.369999999999997 10.02 1
		10.02 18.369999999999997 11.69 1
		11.69 1.67 1.67 1
		11.69 1.67 3.34 1
		11.69 1.67 5.01 1
		11.69 1.67 6.68 1
		11.69 1.67 8.35 1
		11.69 1.67 10.02 1
		11.69 1.67 11.69 1
		11.69 3.34 1.67 1
		11.69 3.34 3.34 1
		11.69 3.34 5.01 1
		11.69 3.34 6.68 1
		11.69 3.34 8.35 1
		11.69 3.34 10.02 1
		11.69 3.34 11.69 1
		11.69 5.01 1.67 1
		11.69 5.01 3.34 1
		11.69 5.01 5.01 1
		11.69 5.01 6.68 1
		11.69 5.01 8.35 1
		11.69 5.01 10.02 1
		11.69 5.01 11.69 1
		11.69 6.68 1.67 1
		11.69 6.68 3.34 1
		11.69 6.68 5.01 1
		11.69 6.68 6.68 1
		11.69 6.68 8.35 1
		11.69 6.68 10.02 1
		11.69 6.68 11.69 1
		11.69 8.35 1.67 1
		11.69 8.35 3.34 1
		11.69 8.35 5.01 1
		11.69 8.35 6.68 1
		11.69 8.35 8.35 1
		11.69 8.35 10.02 1
		11.69 8.35 11.69 1
		11.69 10.02 1.67 1
		11.69 10.02 3.34 1
		11.69 10.02 5.01 1
		11.69 10.02 6.68 1
		11.69 10.02 8.35 1
		11.69 10.02 10.02 1
		11.69 10.02 11.69 1
		11.69 11.69 1.67 1
		11.69 11.69 3.34 1
		11.69 11.69 5.01 1
		11.69 11.69 6.68 1
		11.69 11.69 8.35 1
		11.69 11.69 10.02 1
		11.69 11.69 11.69 1
		11.69 13.36 1.67 1
		11.69 13.36 3.34 1
		11.69 13.36 5.01 1
		11.69 13.36 6.68 1
		11.69 13.36 8.35 1
		11.69 13.36 10.02 1
		11.69 13.36 11.69 1
		11.69 15.03 1.67 1
		11.69 15.03 3.34 1
		11.69 15.03 5.01 1
		11.69 15.03 6.68 1
		11.69 15.03 8.35 1
		11.69 15.03 10.02 1
		11.69 15.03 11.69 1
		11.69 16.7 1.67 1
		11.69 16.7 3.34 1
		11.69 16.7 5.01 1
		11.69 16.7 6.68 1
		11.69 16.7 8.35 1
		11.69 16.7 10.02 1
		11.69 16.7 11.69 1
		11.69 18.369999999999997 1.67 1
		11.69 18.369999999999997 3.34 1
		11.69 18.369999999999997 5.01 1
		11.69 18.369999999999997 6.68 1
		11.69 18.369999999999997 8.35 1
		11.69 18.369999999999997 10.02 1
		11.69 18.369999999999997 11.69 1
		13.36 1.67 1.67 1
		13.36 1.67 3.34 1
		13.36 1.67 5.01 1
		13.36 1.67 6.68 1
		13.36 1.67 8.35 1
		13.36 1.67 10.02 1
		13.36 1.67 11.69 1
		13.36 3.34 1.67 1
		13.36 3.34 3.34 1
		13.36 3.34 5.01 1
		13.36 3.34 6.68 1
		13.36 3.34 8.35 1
		13.36 3.34 10.02 1
		13.36 3.34 11.69 1
		13.36 5.01 1.67 1
		13.36 5.01 3.34 1
		13.36 5.01 5.01 1
		13.36 5.01 6.68 1
		13.36 5.01 8.35 1
		13.36 5.01 10.02 1
		13.36 5.01 11.69 1
		13.36 6.68 1.67 1
		13.36 6.68 3.34 1
		13.36 6.68 5.01 1
		13.36 6.68 6.68 1
		13.36 6.68 8.35 1
		13.36 6.68 10.02 1
		13.36 6.68 11.69 1
		13.36 8.35 1.67 1
		13.36 8.35 3.34 1
		13.36 8.35 5.01 1
		13.36 8.35 6.68 1
		13.36 8.35 8.35 1
		13.36 8.35 10.02 1
		13.36 8.35 11.69 1
		13.36 10.02 1.67 1
		13.36 10.02 3.34 1
		13.36 10.02 5.01 1
		13.36 10.02 6.68 1
		13.36 10.02 8.35 1
		13.36 10.02 10.02 1
		13.36 10.02 11.69 1
		13.36 11.69 1.67 1
		13.36 11.69 3.34 1
		13.36 11.69 5.01 1
		13.36 11.69 6.68 1
		13.36 11.69 8.35 1
		13.36 11.69 10.02 1
		13.36 11.69 11.69 1
		13.36 13.36 1.67 1
		13.36 13.36 3.34 1
		13.36 13.36 5.01 1
		13.36 13.36 6.68 1
		13.36 13.36 8.35 1
		13.36 13.36 10.02 1
		13.36 13.36 11.69 1
		13.36 15.03 1.67 1
		13.36 15.03 3.34 1
		13.36 15.03 5.01 1
		13.36 15.03 6.68 1
		13.36 15.03 8.35 1
		13.36 15.03 10.02 1
		13.36 15.03 11.69 1
		13.36 16.7 1.67 1
		13.36 16.7 3.34 1
		13.36 16.7 5.01 1
		13.36 16.7 6.68 1
		13.36 16.7 8.35 1
		13.36 16.7 10.02 1
		13.36 16.7 11.69 1
		13.36 18.369999999999997 1.67 1
		13.36 18.369999999999997 3.34 1
		13.36 18.369999999999997 5.01 1
		13.36 18.369999999999997 6.68 1
		13.36 18.369999999999997 8.35 1
		13.36 18.369999999999997 10.02 1
		13.36 18.369999999999997 11.69 1
		15.03 1.67 1.67 1
		15.03 1.67 3.34 1
		15.03 1.67 5.01 1
		15.03 1.67 6.68 1
		15.03 1.67 8.35 1
		15.03 1.67 10.02 1
		15.03 1.67 11.69 1
		15.03 3.34 1.67 1
		15.03 3.34 3.34 1
		15.03 3.34 5.01 1
		15.03 3.34 6.68 1
		15.03 3.34 8.35 1
		15.03 3.34 10.02 1
		15.03 3.34 11.69 1
		15.03 5.01 1.67 1
		15.03 5.01 3.34 1
		15.03 5.01 5.01 1
		15.03 5.01 6.68 1
		15.03 5.01 8.35 1
		15.03 5.01 10.02 1
		15.03 5.01 11.69 1
		15.03 6.68 1.67 1
		15.03 6.68 3.34 1
		15.03 6.68 5.01 1
		15.03 6.68 6.68 1
		15.03 6.68 8.35 1
		15.03 6.68 10.02 1
		15.03 6.68 11.69 1
		15.03 8.35 1.67 1
		15.03 8.35 3.34 1
		15.03 8.35 5.01 1
		15.03 8.35 6.68 1
		15.03 8.35 8.35 1
		15.03 8.35 10.02 1
		15.03 8.35 11.69 1
		15.03 10.02 1.67 1
		15.03 10.02 3.34 1
		15.03 10.02 5.01 1
		15.03 10.02 6.68 1
		15.03 10.02 8.35 1
		15.03 10.02 10.02 1
		15.03 10.02 11.69 1
		15.03 11.69 1.67 1
		15.03 11.69 3.34 1
		15.03 11.69 5.01 1
		15.03 11.69 6.68 1
		15.03 11.69 8.35 1
		15.03 11.69 10.02 1
		15.03 11.69 11.69 1
		15.03 13.36 1.67 1
		15.03 13.36 3.34 1
		15.03 13.36 5.01 1
		15.03 13.36 6.68 1
		15.03 13.36 8.35 1
		15.03 13.36 10.02 1
		15.03 13.36 11.69 1
		15.03 15.03 1.67 1
		15.03 15.03 3.34 1
		15.03 15.03 5.01 1
		15.03 15.03 6.68 1
		15.03 15.03 8.35 1
		15.03 15.03 10.02 1
		15.03 15.03 11.69 1
		15.03 16.7 1.67 1
		15.03 16.7 3.34 1
		15.03 16.7 5.01 1
		15.03 16.7 6.68 1
		15.03 16.7 8.35 1
		15.03 16.7 10.02 1
		15.03 16.7 11.69 1
		15.03 18.369999999999997 1.67 1
		15.03 18.369999999999997 3.34 1
		15.03 18.369999999999997 5.01 1
		15.03 18.369999999999997 6.68 1
		15.03 18.369999999999997 8.35 1
		15.03 18.369999999999997 10.02 1
		15.03 18.369999999999997 11.69 1
		16.7 1.67 1.67 1
		16.7 1.67 3.34 1
		16.7 1.67 5.01 1
		16.7 1.67 6.68 1
		16.7 1.67 8.35 1
		16.7 1.67 10.02 1
		16.7 1.67 11.69 1
		16.7 3.34 1.67 1
		16.7 3.34 3.34 1
		16.7 3.34 5.01 1
		16.7 3.34 6.68 1
		16.7 3.34 8.35 1
		16.7 3.34 10.02 1
		16.7 3.34 11.69 1
		16.7 5.01 1.67 1
		16.7 5.01 3.34 1
		16.7 5.01 5.01 1
		16.7 5.01 6.68 1
		16.7 5.01 8.35 1
		16.7 5.01 10.02 1
		16.7 5.01 11.69 1
		16.7 6.68 1.67 1
		16.7 6.68 3.34 1
		16.7 6.68 5.01 1
		16.7 6.68 6.68 1
		16.7 6.68 8.35 1
		16.7 6.68 10.02 1
		16.7 6.68 11.69 1
		16.7 8.35 1.67 1
		16.7 8.35 3.34 1
		16.7 8.35 5.01 1
		16.7 8.35 6.68 1
		16.7 8.35 8.35 1
		16.7 8.35 10.02 1
		16.7 8.35 11.69 1
		16.7 10.02 1.67 1
		16.7 10.02 3.34 1
		16.7 10.02 5.01 1
		16.7 10.02 6.68 1
		16.7 10.02 8.35 1
		16.7 10.02 10.02 1
		16.7 10.02 11.69 1
		16.7 11.69 1.67 1
		16.7 11.69 3.34 1
		16.7 11.69 5.01 1
		16.7 11.69 6.68 1
		16.7 11.69 8.35 1
		16.7 11.69 10.02 1
		16.7 11.69 11.69 1
		16.7 13.36 1.67 1
		16.7 13.36 3.34 1
		16.7 13.36 5.01 1
		16.7 13.36 6.68 1
		16.7 13.36 8.35 1
		16.7 13.36 10.02 1
		16.7 13.36 11.69 1
		16.7 15.03 1.67 1
		16.7 15.03 3.34 1
		16.7 15.03 5.01 1
		16.7 15.03 6.68 1
		16.7 15.03 8.35 1
		16.7 15.03 10.02 1
		16.7 15.03 11.69 1
		16.7 16.7 1.67 1
		16.7 16.7 3.34 1
		16.7 16.7 5.01 1
		16.7 16.7 6.68 1
		16.7 16.7 8.35 1
		16.7 16.7 10.02 1
		16.7 16.7 11.69 1
		16.7 18.369999999999997 1.67 1
		16.7 18.369999999999997 3.34 1
		16.7 18.369999999999997 5.01 1
		16.7 18.369999999999997 6.68 1
		16.7 18.369999999999997 8.35 1
		16.7 18.369999999999997 10.02 1
		16.7 18.369999999999997 11.69 1
		18.369999999999997 1.67 1.67 1
		18.369999999999997 1.67 3.34 1
		18.369999999999997 1.67 5.01 1
		18.369999999999997 1.67 6.68 1
		18.369999999999997 1.67 8.35 1
		18.369999999999997 1.67 10.02 1
		18.369999999999997 1.67 11.69 1
		18.369999999999997 3.34 1.67 1
		18.369999999999997 3.34 3.34 1
		18.369999999999997 3.34 5.01 1
		18.369999999999997 3.34 6.68 1
		18.369999999999997 3.34 8.35 1
		18.369999999999997 3.34 10.02 1
		18.369999999999997 3.34 11.69 1
		18.369999999999997 5.01 1.67 1
		18.369999999999997 5.01 3.34 1
		18.369999999999997 5.01 5.01 1
		18.369999999999997 5.01 6.68 1
		18.369999999999997 5.01 8.35 1
		18.369999999999997 5.01 10.02 1
		18.369999999999997 5.01 11.69 1
		18.369999999999997 6.68 1.67 1
		18.369999999999997 6.68 3.34 1
		18.369999999999997 6.68 5.01 1
		18.369999999999997 6.68 6.68 1
		18.369999999999997 6.68 8.35 1
		18.369999999999997 6.68 10.02 1
		18.369999999999997 6.68 11.69 1
		18.369999999999997 8.35 1.67 1
		18.369999999999997 8.35 3.34 1
		18.369999999999997 8.35 5.01 1
		18.369999999999997 8.35 6.68 1
		18.369999999999997 8.35 8.35 1
		18.369999999999997 8.35 10.02 1
		18.369999999999997 8.35 11.69 1
		18.369999999999997 10.02 1.67 1
		18.369999999999997 10.02 3.34 1
		18.369999999999997 10.02 5.01 1
		18.369999999999997 10.02 6.68 1
		18.369999999999997 10.02 8.35 1
		18.369999999999997 10.02 10.02 1
		18.369999999999997 10.02 11.69 1
		18.369999999999997 11.69 1.67 1
		18.369999999999997 11.69 3.34 1
		18.369999999999997 11.69 5.01 1
		18.369999999999997 11.69 6.68 1
		18.369999999999997 11.69 8.35 1
		18.369999999999997 11.69 10.02 1
		18.369999999999997 11.69 11.69 1
		18.369999999999997 13.36 1.67 1
		18.369999999999997 13.36 3.34 1
		18.369999999999997 13.36 5.01 1
		18.369999999999997 13.36 6.68 1
		18.369999999999997 13.36 8.35 1
		18.369999999999997 13.36 10.02 1
		18.369999999999997 13.36 11.69 1
		18.369999999999997 15.03 1.67 1
		18.369999999999997 15.03 3.34 1
		18.369999999999997 15.03 5.01 1
		18.369999999999997 15.03 6.68 1
		18.369999999999997 15.03 8.35 1
		18.369999999999997 15.03 10.02 1
		18.369999999999997 15.03 11.69 1
		18.369999999999997 16.7 1.67 1
		18.369999999999997 16.7 3.34 1
		18.369999999999997 16.7 5.01 1
		18.369999999999997 16.7 6.68 1
		18.369999999999997 16.7 8.35 1
		18.369999999999997 16.7 10.02 1
		18.369999999999997 16.7 11.69 1
		18.369999999999997 18.369999999999997 1.67 1
		18.369999999999997 18.369999999999997 3.34 1
		18.369999999999997 18.369999999999997 5.01 1
		18.369999999999997 18.369999999999997 6.68 1
		18.369999999999997 18.369999999999997 8.35 1
		18.369999999999997 18.369999999999997 10.02 1
		18.369999999999997 18.369999999999997 11.69 1
	]
	velocity[
		0 0 0 1
		0 0 0 1
		0 0 0 1
		0 0 0 1
		0 0 0 1
		0 0 0 1
		0 0 0 1
		0 0 0 1
		0 0 0 1
		0 0 0 1
		0 0 0 1
		0 0 0 1
		0 0 0 1
		0 0 0 1
		0 0 0 1
		0 0 0 1
		0 0 0 1
		0 0 0 1
		0 0 0 1
		0 0 0 1
		0 0 0 1
		0 0 0 1
		0 0 0 1
		0 0 0 1
		0 0 0 1
		0 0 0 1
		0 0 0 1
		0 0 0 1
		0 0 0 1
		0 0 0 1
		0 0 0 1
		0 0 0 1
		0 0 0 1
		0 0 0 1
		0 0 0 1
		0 0 0 1
		0 0 0 1
		0 0 0 1
		0 0 0 1
		0 0 0 1
		0 0 0 1
		0 0 0 1
		0 0 0 1
		0 0 0 1
		0 0 0 1
		0 0 0 1
		0 0 0 1
		0 0 0 1
		0 0 0 1
		0 0 0 1
		0 0 0 1
		0 0 0 1
		0 0 0 1
		0 0 0 1
		0 0 0 1
		0 0 0 1
		0 0 0 1
		0 0 0 1
		0 0 0 1
		0 0 0 1
		0 0 0 1
		0 0 0 1
		0 0 0 1
		0 0 0 1
		0 0 0 1
		0 0 0 1
		0 0 0 1
		0 0 0 1
		0 0 0 1
		0 0 0 1
		0 0 0 1
		0 0 0 1
		0 0 0 1
		0 0 0 1
		0 0 0 1
		0 0 0 1
		0 0 0 1
		0 0 0 1
		0 0 0 1
		0 0 0 1
		0 0 0 1
		0 0 0 1
		0 0 0 1
		0 0 0 1
		0 0 0 1
		0 0 0 1
		0 0 0 1
		0 0 0 1
		0 0 0 1
		0 0 0 1
		0 0 0 1
		0 0 0 1
		0 0 0 1
		0 0 0 1
		0 0 0 1
		0 0 0 1
		0 0 0 1
		0 0 0 1
		0 0 0 1
		0 0 0 1
		0 0 0 1
		0 0 0 1
		0 0 0 1
		0 0 0 1
		0 0 0 1
		0 0 0 1
		0 0 0 1
		0 0 0 1
		0 0 0 1
		0 0 0 1
		0 0 0 1
		0 0 0 1
		0 0 0 1
		0 0 0 1
		0 0 0 1
		0 0 0 1
		0 0 0 1
		0 0 0 1
		0 0 0 1
		0 0 0 1
		0 0 0 1
		0 0 0 1
		0 0 0 1
		0 0 0 1
		0 0 0 1
		0 0 0 1
		0 0 0 1
		0 0 0 1
		0 0 0 1
		0 0 0 1
		0 0 0 1
		0 0 0 1
		0 0 0 1
		0 0 0 1
		0 0 0 1
		0 0 0 1
		0 0 0 1
		0 0 0 1
		0 0 0 1
		0 0 0 1
		0 0 0 1
		0 0 0 1
		0 0 0 1
		0 0 0 1
		0 0 0 1
		0 0 0 1
		0 0 0 1
		0 0 0 1
		0 0 0 1
		0 0 0 1
		0 0 0 1
		0 0 0 1
		0 0 0 1
		0 0 0 1
		0 0 0 1
		0 0 0 1
		0 0 0 1
		0 0 0 1
		0 0 0 1
		0 0 0 1
		0 0 0 1
		0 0 0 1
		0 0 0 1
		0 0 0 1
		0 0 0 1
		0 0 0 1
		0 0 0 1
		0 0 0 1
		0 0 0 1
		0 0 0 1
		0 0 0 1
		0 0 0 1
		0 0 0 1
		0 0 0 1
		0 0 0 1
		0 0 0 1
		0 0 0 1
		0 0 0 1
		0 0 0 1
		0 0 0 1
		0 0 0 1
		0 0 0 1
		0 0 0 1
		0 0 0 1
		0 0 0 1
		0 0 0 1
		0 0 0 1
		0 0 0 1
		0 0 0 1
		0 0 0 1
		0 0 0 1
		0 0 0 1
		0 0 0 1
		0 0 0 1
		0 0 0 1
		0 0 0 1
		0 0 0 1
		0 0 0 1
		0 0 0 1
		0 0 0 1
		0 0 0 1
		0 0 0 1
		0 0 0 1
		0 0 0 1
		0 0 0 1
		0 0 0 1
		0 0 0 1
		0 0 0 1
		0 0 0 1
		0 0 0 1
		0 0 0 1
		0 0 0 1
		0 0 0 1
		0 0 0 1
		0 0 0 1
		0 0 0 1
		0 0 0 1
		0 0 0 1
		0 0 0 1
		0 0 0 1
		0 0 0 1
		0 0 0 1
		0 0 0 1
		0 0 0 1
		0 0 0 1
		0 0 0 1
		0 0 0 1
		0 0 0 1
		0 0 0 1
		0 0 0 1
		0 0 0 1
		0 0 0 1
		0 0 0 1
		0 0 0 1
		0 0 0 1
		0 0 0 1
		0 0 0 1
		0 0 0 1
		0 0 0 1
		0 0 0 1
		0 0 0 1
		0 0 0 1
		0 0 0 1
		0 0 0 1
		0 0 0 1
		0 0 0 1
		0 0 0 1
		0 0 0 1
		0 0 0 1
		0 0 0 1
		0 0 0 1
		0 0 0 1
		0 0 0 1
		0 0 0 1
		0 0 0 1
		0 0 0 1
		0 0 0 1
		0 0 0 1
		0 0 0 1
		0 0 0 1
		0 0 0 1
		0 0 0 1
		0 0 0 1
		0 0 0 1
		0 0 0 1
		0 0 0 1
		0 0 0 1
		0 0 0 1
		0 0 0 1
		0 0 0 1
		0 0 0 1
		0 0 0 1
		0 0 0 1
		0 0 0 1
		0 0 0 1
		0 0 0 1
		0 0 0 1
		0 0 0 1
		0 0 0 1
		0 0 0 1
		0 0 0 1
		0 0 0 1
		0 0 0 1
		0 0 0 1
		0 0 0 1
		0 0 0 1
		0 0 0 1
		0 0 0 1
		0 0 0 1
		0 0 0 1
		0 0 0 1
		0 0 0 1
		0 0 0 1
		0 0 0 1
		0 0 0 1
		0 0 0 1
		0 0 0 1
		0 0 0 1
		0 0 0 1
		0 0 0 1
		0 0 0 1
		0 0 0 1
		0 0 0 1
		0 0 0 1
		0 0 0 1
		0 0 0 1
		0 0 0 1
		0 0 0 1
		0 0 0 1
		0 0 0 1
		0 0 0 1
		0 0 0 1
		0 0 0 1
		0 0 0 1
		0 0 0 1
		0 0 0 1
		0 0 0 1
		0 0 0 1
		0 0 0 1
		0 0 0 1
		0 0 0 1
		0 0 0 1
		0 0 0 1
		0 0 0 1
		0 0 0 1
		0 0 0 1
		0 0 0 1
		0 0 0 1
		0 0 0 1
		0 0 0 1
		0 0 0 1
		0 0 0 1
		0 0 0 1
		0 0 0 1
		0 0 0 1
		0 0 0 1
		0 0 0 1
		0 0 0 1
		0 0 0 1
		0 0 0 1
		0 0 0 1
		0 0 0 1
		0 0 0 1
		0 0 0 1
		0 0 0 1
		0 0 0 1
		0 0 0 1
		0 0 0 1
		0 0 0 1
		0 0 0 1
		0 0 0 1
		0 0 0 1
		0 0 0 1
		0 0 0 1
		0 0 0 1
		0 0 0 1
		0 0 0 1
		0 0 0 1
		0 0 0 1
		0 0 0 1
		0 0 0 1
		0 0 0 1
		0 0 0 1
		0 0 0 1
		0 0 0 1
		0 0 0 1
		0 0 0 1
		0 0 0 1
		0 0 0 1
		0 0 0 1
		0 0 0 1
		0 0 0 1
		0 0 0 1
		0 0 0 1
		0 0 0 1
		0 0 0 1
		0 0 0 1
		0 0 0 1
		0 0 0 1
		0 0 0 1
		0 0 0 1
		0 0 0 1
		0 0 0 1
		0 0 0 1
		0 0 0 1
		0 0 0 1
		0 0 0 1
		0 0 0 1
		0 0 0 1
		0 0 0 1
		0 0 0 1
		0 0 0 1
		0 0 0 1
		0 0 0 1
		0 0 0 1
		0 0 0 1
		0 0 0 1
		0 0 0 1
		0 0 0 1
		0 0 0 1
		0 0 0 1
		0 0 0 1
		0 0 0 1
		0 0 0 1
		0 0 0 1
		0 0 0 1
		0 0 0 1
		0 0 0 1
		0 0 0 1
		0 0 0 1
		0 0 0 1
		0 0 0 1
		0 0 0 1
		0 0 0 1
		0 0 0 1
		0 0 0 1
		0 0 0 1
		0 0 0 1
		0 0 0 1
		0 0 0 1
		0 0 0 1
		0 0 0 1
		0 0 0 1
		0 0 0 1
		0 0 0 1
		0 0 0 1
		0 0 0 1
		0 0 0 1
		0 0 0 1
		0 0 0 1
		0 0 0 1
		0 0 0 1
		0 0 0 1
		0 0 0 1
		0 0 0 1
		0 0 0 1
		0 0 0 1
		0 0 0 1
		0 0 0 1
		0 0 0 1
		0 0 0 1
		0 0 0 1
		0 0 0 1
		0 0 0 1
		0 0 0 1
		0 0 0 1
		0 0 0 1
		0 0 0 1
		0 0 0 1
		0 0 0 1
		0 0 0 1
		0 0 0 1
		0 0 0 1
		0 0 0 1
		0 0 0 1
		0 0 0 1
		0 0 0 1
		0 0 0 1
		0 0 0 1
		0 0 0 1
		0 0 0 1
		0 0 0 1
		0 0 0 1
		0 0 0 1
		0 0 0 1
		0 0 0 1
		0 0 0 1
		0 0 0 1
		0 0 0 1
		0 0 0 1
		0 0 0 1
		0 0 0 1
		0 0 0 1
		0 0 0 1
		0 0 0 1
		0 0 0 1
		0 0 0 1
		0 0 0 1
		0 0 0 1
		0 0 0 1
		0 0 0 1
		0 0 0 1
		0 0 0 1
		0 0 0 1
		0 0 0 1
		0 0 0 1
		0 0 0 1
		0 0 0 1
		0 0 0 1
		0 0 0 1
		0 0 0 1
		0 0 0 1
		0 0 0 1
		0 0 0 1
		0 0 0 1
		0 0 0 1
		0 0 0 1
		0 0 0 1
		0 0 0 1
		0 0 0 1
		0 0 0 1
		0 0 0 1
		0 0 0 1
		0 0 0 1
		0 0 0 1
		0 0 0 1
		0 0 0 1
		0 0 0 1
		0 0 0 1
		0 0 0 1
		0 0 0 1
		0 0 0 1
		0 0 0 1
		0 0 0 1
		0 0 0 1
		0 0 0 1
		0 0 0 1
		0 0 0 1
		0 0 0 1
		0 0 0 1
		0 0 0 1
		0 0 0 1
		0 0 0 1
		0 0 0 1
		0 0 0 1
		0 0 0 1
		0 0 0 1
		0 0 0 1
		0 0 0 1
		0 0 0 1
		0 0 0 1
		0 0 0 1
		0 0 0 1
		0 0 0 1
		0 0 0 1
		0 0 0 1
		0 0 0 1
		0 0 0 1
		0 0 0 1
		0 0 0 1
		0 0 0 1
		0 0 0 1
		0 0 0 1
		0 0 0 1
		0 0 0 1
		0 0 0 1
		0 0 0 1
		0 0 0 1
		0 0 0 1
		0 0 0 1
		0 0 0 1
		0 0 0 1
		0 0 0 1
		0 0 0 1
		0 0 0 1
		0 0 0 1
		0 0 0 1
		0 0 0 1
		0 0 0 1
		0 0 0 1
		0 0 0 1
		0 0 0 1
		0 0 0 1
		0 0 0 1
		0 0 0 1
		0 0 0 1
		0 0 0 1
		0 0 0 1
		0 0 0 1
		0 0 0 1
		0 0 0 1
		0 0 0 1
		0 0 0 1
		0 0 0 1
		0 0 0 1
		0 0 0 1
		0 0 0 1
		0 0 0 1
		0 0 0 1
		0 0 0 1
		0 0 0 1
		0 0 0 1
		0 0 0 1
		0 0 0 1
		0 0 0 1
		0 0 0 1
		0 0 0 1
		0 0 0 1
		0 0 0 1
		0 0 0 1
		0 0 0 1
		0 0 0 1
		0 0 0 1
		0 0 0 1
		0 0 0 1
		0 0 0 1
		0 0 0 1
		0 0 0 1
		0 0 0 1
		0 0 0 1
		0 0 0 1
		0 0 0 1
		0 0 0 1
		0 0 0 1
		0 0 0 1
		0 0 0 1
		0 0 0 1
		0 0 0 1
		0 0 0 1
		0 0 0 1
		0 0 0 1
		0 0 0 1
		0 0 0 1
		0 0 0 1
		0 0 0 1
		0 0 0 1
		0 0 0 1
		0 0 0 1
		0 0 0 1
		0 0 0 1
		0 0 0 1
		0 0 0 1
		0 0 0 1
		0 0 0 1
		0 0 0 1
		0 0 0 1
		0 0 0 1
		0 0 0 1
		0 0 0 1
		0 0 0 1
		0 0 0 1
		0 0 0 1
		0 0 0 1
		0 0 0 1
		0 0 0 1
		0 0 0 1
		0 0 0 1
		0 0 0 1
		0 0 0 1
		0 0 0 1
		0 0 0 1
		0 0 0 1
		0 0 0 1
		0 0 0 1
		0 0 0 1
		0 0 0 1
		0 0 0 1
		0 0 0 1
		0 0 0 1
		0 0 0 1
		0 0 0 1
		0 0 0 1
		0 0 0 1
		0 0 0 1
		0 0 0 1
		0 0 0 1
		0 0 0 1
		0 0 0 1
		0 0 0 1
		0 0 0 1
		0 0 0 1
		0 0 0 1
		0 0 0 1
		0 0 0 1
		0 0 0 1
		0 0 0 1
		0 0 0 1
		0 0 0 1
		0 0 0 1
		0 0 0 1
		0 0 0 1
		0 0 0 1
		0 0 0 1
		0 0 0 1
		0 0 0 1
		0 0 0 1
		0 0 0 1
		0 0 0 1
		0 0 0 1
		0 0 0 1
		0 0 0 1
		0 0 0 1
		0 0 0 1
		0 0 0 1
		0 0 0 1
		0 0 0 1
		0 0 0 1
		0 0 0 1
		0 0 0 1
		0 0 0 1
		0 0 0 1
		0 0 0 1
		0 0 0 1
		0 0 0 1
		0 0 0 1
		0 0 0 1
		0 0 0 1
		0 0 0 1
		0 0 0 1
		0 0 0 1
		0 0 0 1
		0 0 0 1
		0 0 0 1
		0 0 0 1
		0 0 0 1
		0 0 0 1
		0 0 0 1
		0 0 0 1
		0 0 0 1
		0 0 0 1
		0 0 0 1
		0 0 0 1
		0 0 0 1
		0 0 0 1
		0 0 0 1
		0 0 0 1
		0 0 0 1
		0 0 0 1
		0 0 0 1
		0 0 0 1
		0 0 0 1
		0 0 0 1
		0 0 0 1
		0 0 0 1
		0 0 0 1
		0 0 0 1
		0 0 0 1
		0 0 0 1
		0 0 0 1
		0 0 0 1
		0 0 0 1
		0 0 0 1
		0 0 0 1
		0 0 0 1
		0 0 0 1
		0 0 0 1
		0 0 0 1
		0 0 0 1
		0 0 0 1
		0 0 0 1
		0 0 0 1
		0 0 0 1
		0 0 0 1
		0 0 0 1
		0 0 0 1
		0 0 0 1
		0 0 0 1
		0 0 0 1
		0 0 0 1
		0 0 0 1
		0 0 0 1
		0 0 0 1
		0 0 0 1
		0 0 0 1
		0 0 0 1
		0 0 0 1
		0 0 0 1
		0 0 0 1
		0 0 0 1
		0 0 0 1
		0 0 0 1
		0 0 0 1
		0 0 0 1
		0 0 0 1
		0 0 0 1
		0 0 0 1
		0 0 0 1
		0 0 0 1
		0 0 0 1
		0 0 0 1
		0 0 0 1
		0 0 0 1
		0 0 0 1
		0 0 0 1
		0 0 0 1
		0 0 0 1
		0 0 0 1
		0 0 0 1
		0 0 0 1
		0 0 0 1
		0 0 0 1
		0 0 0 1
		0 0 0 1
		0 0 0 1
		0 0 0 1
		0 0 0 1
		0 0 0 1
		0 0 0 1
		0 0 0 1
		0 0 0 1
		0 0 0 1
		0 0 0 1
		0 0 0 1
		0 0 0 1
		0 0 0 1
		0 0 0 1
		0 0 0 1
		0 0 0 1
		0 0 0 1
		0 0 0 1
		0 0 0 1
		0 0 0 1
		0 0 0 1
		0 0 0 1
		0 0 0 1
		0 0 0 1
		0 0 0 1
		0 0 0 1
		0 0 0 1
		0 0 0 1
		0 0 0 1
		0 0 0 1
		0 0 0 1
		0 0 0 1
		0 0 0 1
		0 0 0 1
		0 0 0 1
		0 0 0 1
		0 0 0 1
		0 0 0 1
		0 0 0 1
		0 0 0 1
		0 0 0 1
		0 0 0 1
		0 0 0 1
		0 0 0 1
		0 0 0 1
		0 0 0 1
		0 0 0 1
		0 0 0 1
		0 0 0 1
		0 0 0 1
		0 0 0 1
		0 0 0 1
		0 0 0 1
		0 0 0 1
		0 0 0 1
		0 0 0 1
		0 0 0 1
		0 0 0 1
		0 0 0 1
		0 0 0 1
		0 0 0 1
		0 0 0 1
		0 0 0 1
		0 0 0 1
		0 0 0 1
	]
]
