0
144
288
-1
-1
-1
-1
0
1
2
144
145
146
-1
2
3
4
146
147
148
-1
4
5
6
148
149
150
-1
6
7
8
150
151
152
-1
8
9
10
152
153
154
-1
10
11
154
155
360
-1
-1
0
1
12
288
289
290
-1
1
2
3
12
13
14
-1
3
4
5
14
15
16
-1
5
6
7
16
17
18
-1
7
8
9
18
19
20
-1
9
10
11
20
21
22
-1
11
22
23
360
361
362
-1
12
13
24
290
291
292
-1
13
14
15
24
25
26
-1
15
16
17
26
27
28
-1
17
18
19
28
29
30
-1
19
20
21
30
31
32
-1
21
22
23
32
33
34
-1
23
34
35
362
363
364
-1
24
25
36
292
293
294
-1
25
26
27
36
37
38
-1
27
28
29
38
39
40
-1
29
30
31
40
41
42
-1
31
32
33
42
43
44
-1
33
34
35
44
45
46
-1
35
46
47
364
365
366
-1
36
37
48
294
295
296
-1
37
38
39
48
49
50
-1
39
40
41
50
51
52
-1
41
42
43
52
53
54
-1
43
44
45
54
55
56
-1
45
46
47
56
57
58
-1
47
58
59
366
367
368
-1
48
49
60
296
297
298
-1
49
50
51
60
61
62
-1
51
52
53
62
63
64
-1
53
54
55
64
65
66
-1
55
56
57
66
67
68
-1
57
58
59
68
69
70
-1
59
70
71
368
369
370
-1
60
61
216
298
299
-1
-1
61
62
63
216
217
218
-1
63
64
65
218
219
220
-1
65
66
67
220
221
222
-1
67
68
69
222
223
224
-1
69
70
71
224
225
226
-1
71
226
227
370
371
-1
-1
144
145
156
288
289
300
-1
145
146
147
156
157
158
-1
147
148
149
158
159
160
-1
149
150
151
160
161
162
-1
151
152
153
162
163
164
-1
153
154
155
164
165
166
-1
155
166
167
360
361
372
-1
289
290
291
300
301
302
-1
361
362
363
372
373
374
-1
291
292
293
302
303
304
-1
363
364
365
374
375
376
-1
293
294
295
304
305
306
-1
365
366
367
376
377
378
-1
295
296
297
306
307
308
-1
367
368
369
378
379
380
-1
297
298
299
308
309
310
-1
369
370
371
380
381
382
-1
216
217
228
299
310
311
-1
217
218
219
228
229
230
-1
219
220
221
230
231
232
-1
221
222
223
232
233
234
-1
223
224
225
234
235
236
-1
225
226
227
236
237
238
-1
227
238
239
371
382
383
-1
156
157
168
300
301
312
-1
157
158
159
168
169
170
-1
159
160
161
170
171
172
-1
161
162
163
172
173
174
-1
163
164
165
174
175
176
-1
165
166
167
176
177
178
-1
167
178
179
372
373
384
-1
301
302
303
312
313
314
-1
373
374
375
384
385
386
-1
303
304
305
314
315
316
-1
375
376
377
386
387
388
-1
305
306
307
316
317
318
-1
377
378
379
388
389
390
-1
307
308
309
318
319
320
-1
379
380
381
390
391
392
-1
309
310
311
320
321
322
-1
381
382
383
392
393
394
-1
228
229
240
311
322
323
-1
229
230
231
240
241
242
-1
231
232
233
242
243
244
-1
233
234
235
244
245
246
-1
235
236
237
246
247
248
-1
237
238
239
248
249
250
-1
239
250
251
383
394
395
-1
168
169
180
312
313
324
-1
169
170
171
180
181
182
-1
171
172
173
182
183
184
-1
173
174
175
184
185
186
-1
175
176
177
186
187
188
-1
177
178
179
188
189
190
-1
179
190
191
384
385
396
-1
313
314
315
324
325
326
-1
385
386
387
396
397
398
-1
315
316
317
326
327
328
-1
387
388
389
398
399
400
-1
317
318
319
328
329
330
-1
389
390
391
400
401
402
-1
319
320
321
330
331
332
-1
391
392
393
402
403
404
-1
321
322
323
332
333
334
-1
393
394
395
404
405
406
-1
240
241
252
323
334
335
-1
241
242
243
252
253
254
-1
243
244
245
254
255
256
-1
245
246
247
256
257
258
-1
247
248
249
258
259
260
-1
249
250
251
260
261
262
-1
251
262
263
395
406
407
-1
180
181
192
324
325
336
-1
181
182
183
192
193
194
-1
183
184
185
194
195
196
-1
185
186
187
196
197
198
-1
187
188
189
198
199
200
-1
189
190
191
200
201
202
-1
191
202
203
396
397
408
-1
325
326
327
336
337
338
-1
397
398
399
408
409
410
-1
327
328
329
338
339
340
-1
399
400
401
410
411
412
-1
329
330
331
340
341
342
-1
401
402
403
412
413
414
-1
331
332
333
342
343
344
-1
403
404
405
414
415
416
-1
333
334
335
344
345
346
-1
405
406
407
416
417
418
-1
252
253
264
335
346
347
-1
253
254
255
264
265
266
-1
255
256
257
266
267
268
-1
257
258
259
268
269
270
-1
259
260
261
270
271
272
-1
261
262
263
272
273
274
-1
263
274
275
407
418
419
-1
192
193
204
336
337
348
-1
193
194
195
204
205
206
-1
195
196
197
206
207
208
-1
197
198
199
208
209
210
-1
199
200
201
210
211
212
-1
201
202
203
212
213
214
-1
203
214
215
408
409
420
-1
337
338
339
348
349
350
-1
409
410
411
420
421
422
-1
339
340
341
350
351
352
-1
411
412
413
422
423
424
-1
341
342
343
352
353
354
-1
413
414
415
424
425
426
-1
343
344
345
354
355
356
-1
415
416
417
426
427
428
-1
345
346
347
356
357
358
-1
417
418
419
428
429
430
-1
264
265
276
347
358
359
-1
265
266
267
276
277
278
-1
267
268
269
278
279
280
-1
269
270
271
280
281
282
-1
271
272
273
282
283
284
-1
273
274
275
284
285
286
-1
275
286
287
419
430
431
-1
72
204
205
348
349
-1
-1
72
73
74
205
206
207
-1
74
75
76
207
208
209
-1
76
77
78
209
210
211
-1
78
79
80
211
212
213
-1
80
81
82
213
214
215
-1
82
83
215
420
421
-1
-1
72
73
84
349
350
351
-1
73
74
75
84
85
86
-1
75
76
77
86
87
88
-1
77
78
79
88
89
90
-1
79
80
81
90
91
92
-1
81
82
83
92
93
94
-1
83
94
95
421
422
423
-1
84
85
96
351
352
353
-1
85
86
87
96
97
98
-1
87
88
89
98
99
100
-1
89
90
91
100
101
102
-1
91
92
93
102
103
104
-1
93
94
95
104
105
106
-1
95
106
107
423
424
425
-1
96
97
108
353
354
355
-1
97
98
99
108
109
110
-1
99
100
101
110
111
112
-1
101
102
103
112
113
114
-1
103
104
105
114
115
116
-1
105
106
107
116
117
118
-1
107
118
119
425
426
427
-1
108
109
120
355
356
357
-1
109
110
111
120
121
122
-1
111
112
113
122
123
124
-1
113
114
115
124
125
126
-1
115
116
117
126
127
128
-1
117
118
119
128
129
130
-1
119
130
131
427
428
429
-1
120
121
132
357
358
359
-1
121
122
123
132
133
134
-1
123
124
125
134
135
136
-1
125
126
127
136
137
138
-1
127
128
129
138
139
140
-1
129
130
131
140
141
142
-1
131
142
143
429
430
431
-1
132
133
276
277
359
-1
-1
133
134
135
277
278
279
-1
135
136
137
279
280
281
-1
137
138
139
281
282
283
-1
139
140
141
283
284
285
-1
141
142
143
285
286
287
-1
143
287
431
-1
-1
-1
-1
