-1
-1
-1
-1
-1
-1
-1
-1
-1
-1
-1
-1
-1
-1
-1
-1
-1
-1
-1
-1
-1
-1
-1
-1
-1
-1
-1
-1
-1
-1
-1
-1
-1
-1
-1
-1
-1
-1
-1
-1
-1
-1
-1
-1
-1
-1
-1
-1
-1
-1
-1
-1
-1
-1
-1
-1
-1
-1
-1
-1
-1
-1
-1
-1
-1
-1
-1
-1
-1
-1
-1
-1
-1
-1
-1
-1
-1
-1
-1
-1
-1
-1
-1
-1
-1
-1
-1
-1
-1
-1
-1
-1
-1
-1
-1
-1
-1
-1
-1
-1
-1
-1
-1
-1
-1
-1
-1
-1
-1
-1
-1
-1
-1
-1
-1
-1
-1
-1
-1
-1
-1
-1
-1
-1
-1
-1
-1
-1
-1
-1
-1
-1
-1
-1
-1
-1
-1
-1
-1
-1
-1
-1
-1
-1
-1
-1
-1
-1
-1
-1
-1
-1
-1
-1
-1
-1
-1
-1
-1
-1
-1
-1
-1
-1
-1
-1
-1
-1
-1
-1
-1
-1
-1
-1
-1
-1
-1
-1
-1
-1
-1
-1
-1
-1
-1
-1
-1
-1
-1
-1
-1
-1
-1
-1
-1
-1
-1
-1
-1
-1
-1
-1
-1
-1
-1
-1
-1
-1
-1
-1
-1
-1
-1
-1
-1
-1
-1
-1
-1
-1
-1
-1
-1
-1
-1
-1
-1
-1
-1
-1
-1
-1
-1
-1
-1
-1
-1
-1
-1
-1
-1
-1
-1
-1
-1
-1
-1
-1
-1
-1
-1
-1
-1
-1
-1
-1
-1
-1
-1
-1
-1
-1
-1
-1
-1
-1
-1
-1
-1
-1
-1
-1
-1
-1
-1
-1
-1
-1
-1
-1
-1
-1
-1
-1
-1
-1
-1
-1
-1
-1
-1
-1
-1
-1
-1
-1
-1
-1
-1
-1
-1
-1
-1
-1
-1
-1
-1
-1
-1
-1
-1
-1
-1
-1
-1
-1
-1
-1
-1
-1
-1
-1
-1
-1
-1
-1
-1
-1
-1
-1
-1
-1
-1
-1
-1
-1
-1
-1
-1
-1
-1
-1
-1
-1
-1
-1
-1
-1
-1
-1
-1
-1
-1
-1
-1
-1
-1
-1
-1
-1
-1
-1
-1
-1
-1
-1
-1
-1
-1
-1
-1
-1
-1
-1
-1
-1
-1
-1
-1
-1
-1
-1
-1
-1
-1
-1
-1
-1
-1
-1
-1
-1
-1
-1
-1
-1
-1
-1
-1
-1
-1
-1
-1
-1
-1
-1
-1
-1
-1
-1
-1
-1
-1
-1
-1
-1
-1
-1
-1
-1
-1
-1
-1
-1
-1
-1
-1
-1
-1
-1
-1
-1
-1
-1
-1
-1
-1
-1
-1
-1
-1
-1
-1
-1
-1
-1
-1
-1
-1
-1
-1
-1
-1
-1
-1
-1
-1
-1
-1
-1
-1
-1
-1
-1
-1
-1
-1
-1
-1
-1
-1
-1
-1
-1
-1
-1
-1
-1
-1
-1
-1
-1
-1
-1
-1
-1
-1
-1
-1
-1
-1
-1
-1
-1
-1
-1
-1
-1
-1
-1
-1
-1
-1
-1
-1
-1
-1
-1
-1
-1
-1
-1
-1
-1
-1
-1
-1
-1
-1
-1
-1
-1
-1
-1
-1
-1
-1
-1
-1
-1
-1
-1
0
1
-1
-1
-1
-1
-1
0
2
3
-1
-1
-1
-1
2
4
5
-1
-1
-1
-1
4
6
7
-1
-1
-1
-1
6
8
9
-1
-1
-1
-1
8
10
11
-1
-1
-1
-1
10
12
13
-1
-1
-1
-1
12
14
15
-1
-1
-1
-1
14
16
17
-1
-1
-1
-1
16
18
19
-1
-1
-1
-1
18
20
21
-1
-1
-1
-1
20
22
23
-1
-1
-1
-1
22
24
25
-1
-1
-1
-1
24
26
27
-1
-1
-1
-1
26
28
29
-1
-1
-1
-1
28
30
31
-1
-1
-1
-1
30
32
33
-1
-1
-1
-1
32
34
35
-1
-1
-1
-1
34
36
37
-1
-1
-1
-1
36
38
39
-1
-1
-1
-1
38
40
41
-1
-1
-1
-1
40
42
43
-1
-1
-1
-1
42
44
45
-1
-1
-1
-1
44
46
47
-1
-1
-1
-1
46
48
49
-1
-1
-1
-1
48
50
51
-1
-1
-1
-1
50
52
53
-1
-1
-1
-1
52
54
55
-1
-1
-1
-1
54
56
57
-1
-1
-1
-1
56
58
59
-1
-1
-1
-1
58
60
61
-1
-1
-1
-1
60
62
63
-1
-1
-1
-1
62
-1
-1
-1
-1
-1
-1
-1
-1
-1
-1
-1
-1
-1
-1
-1
-1
-1
-1
-1
-1
-1
-1
-1
-1
-1
-1
-1
-1
-1
-1
-1
-1
-1
-1
1
64
65
-1
-1
-1
-1
0
1
3
64
66
67
-1
2
3
5
66
68
69
-1
4
5
7
68
70
71
-1
6
7
9
70
72
73
-1
8
9
11
72
74
75
-1
10
11
13
74
76
77
-1
12
13
15
76
78
79
-1
14
15
17
78
80
81
-1
16
17
19
80
82
83
-1
18
19
21
82
84
85
-1
20
21
23
84
86
87
-1
22
23
25
86
88
89
-1
24
25
27
88
90
91
-1
26
27
29
90
92
93
-1
28
29
31
92
94
95
-1
30
31
33
94
96
97
-1
32
33
35
96
98
99
-1
34
35
37
98
100
101
-1
36
37
39
100
102
103
-1
38
39
41
102
104
105
-1
40
41
43
104
106
107
-1
42
43
45
106
108
109
-1
44
45
47
108
110
111
-1
46
47
49
110
112
113
-1
48
49
51
112
114
115
-1
50
51
53
114
116
117
-1
52
53
55
116
118
119
-1
54
55
57
118
120
121
-1
56
57
59
120
122
123
-1
58
59
61
122
124
125
-1
60
61
63
124
126
127
-1
62
63
126
-1
-1
-1
-1
-1
-1
-1
-1
-1
-1
-1
-1
-1
-1
-1
-1
-1
-1
-1
-1
-1
-1
-1
-1
-1
-1
-1
-1
-1
-1
-1
-1
65
128
129
-1
-1
-1
-1
64
65
67
128
130
131
-1
66
67
69
130
132
133
-1
68
69
71
132
134
135
-1
70
71
73
134
136
137
-1
72
73
75
136
138
139
-1
74
75
77
138
140
141
-1
76
77
79
140
142
143
-1
78
79
81
142
144
145
-1
80
81
83
144
146
147
-1
82
83
85
146
148
149
-1
84
85
87
148
150
151
-1
86
87
89
150
152
153
-1
88
89
91
152
154
155
-1
90
91
93
154
156
157
-1
92
93
95
156
158
159
-1
94
95
97
158
160
161
-1
96
97
99
160
162
163
-1
98
99
101
162
164
165
-1
100
101
103
164
166
167
-1
102
103
105
166
168
169
-1
104
105
107
168
170
171
-1
106
107
109
170
172
173
-1
108
109
111
172
174
175
-1
110
111
113
174
176
177
-1
112
113
115
176
178
179
-1
114
115
117
178
180
181
-1
116
117
119
180
182
183
-1
118
119
121
182
184
185
-1
120
121
123
184
186
187
-1
122
123
125
186
188
189
-1
124
125
127
188
190
191
-1
126
127
190
-1
-1
-1
-1
-1
-1
-1
-1
-1
-1
-1
-1
-1
-1
-1
-1
-1
-1
-1
-1
-1
-1
-1
-1
-1
-1
-1
-1
-1
-1
-1
-1
129
192
193
-1
-1
-1
-1
128
129
131
192
194
195
-1
130
131
133
194
196
197
-1
132
133
135
196
198
199
-1
134
135
137
198
200
201
-1
136
137
139
200
202
203
-1
138
139
141
202
204
205
-1
140
141
143
204
206
207
-1
142
143
145
206
208
209
-1
144
145
147
208
210
211
-1
146
147
149
210
212
213
-1
148
149
151
212
214
215
-1
150
151
153
214
216
217
-1
152
153
155
216
218
219
-1
154
155
157
218
220
221
-1
156
157
159
220
222
223
-1
158
159
161
222
224
225
-1
160
161
163
224
226
227
-1
162
163
165
226
228
229
-1
164
165
167
228
230
231
-1
166
167
169
230
232
233
-1
168
169
171
232
234
235
-1
170
171
173
234
236
237
-1
172
173
175
236
238
239
-1
174
175
177
238
240
241
-1
176
177
179
240
242
243
-1
178
179
181
242
244
245
-1
180
181
183
244
246
247
-1
182
183
185
246
248
249
-1
184
185
187
248
250
251
-1
186
187
189
250
252
253
-1
188
189
191
252
254
255
-1
190
191
254
-1
-1
-1
-1
-1
-1
-1
-1
-1
-1
-1
-1
-1
-1
-1
-1
-1
-1
-1
-1
-1
-1
-1
-1
-1
-1
-1
-1
-1
-1
-1
-1
193
256
257
-1
-1
-1
-1
192
193
195
256
258
259
-1
194
195
197
258
260
261
-1
196
197
199
260
262
263
-1
198
199
201
262
264
265
-1
200
201
203
264
266
267
-1
202
203
205
266
268
269
-1
204
205
207
268
270
271
-1
206
207
209
270
272
273
-1
208
209
211
272
274
275
-1
210
211
213
274
276
277
-1
212
213
215
276
278
279
-1
214
215
217
278
280
281
-1
216
217
219
280
282
283
-1
218
219
221
282
284
285
-1
220
221
223
284
286
287
-1
222
223
225
286
288
289
-1
224
225
227
288
290
291
-1
226
227
229
290
292
293
-1
228
229
231
292
294
295
-1
230
231
233
294
296
297
-1
232
233
235
296
298
299
-1
234
235
237
298
300
301
-1
236
237
239
300
302
303
-1
238
239
241
302
304
305
-1
240
241
243
304
306
307
-1
242
243
245
306
308
309
-1
244
245
247
308
310
311
-1
246
247
249
310
312
313
-1
248
249
251
312
314
315
-1
250
251
253
314
316
317
-1
252
253
255
316
318
319
-1
254
255
318
-1
-1
-1
-1
-1
-1
-1
-1
-1
-1
-1
-1
-1
-1
-1
-1
-1
-1
-1
-1
-1
-1
-1
-1
-1
-1
-1
-1
-1
-1
-1
-1
257
320
321
-1
-1
-1
-1
256
257
259
320
322
323
-1
258
259
261
322
324
325
-1
260
261
263
324
326
327
-1
262
263
265
326
328
329
-1
264
265
267
328
330
331
-1
266
267
269
330
332
333
-1
268
269
271
332
334
335
-1
270
271
273
334
336
337
-1
272
273
275
336
338
339
-1
274
275
277
338
340
341
-1
276
277
279
340
342
343
-1
278
279
281
342
344
345
-1
280
281
283
344
346
347
-1
282
283
285
346
348
349
-1
284
285
287
348
350
351
-1
286
287
289
350
352
353
-1
288
289
291
352
354
355
-1
290
291
293
354
356
357
-1
292
293
295
356
358
359
-1
294
295
297
358
360
361
-1
296
297
299
360
362
363
-1
298
299
301
362
364
365
-1
300
301
303
364
366
367
-1
302
303
305
366
368
369
-1
304
305
307
368
370
371
-1
306
307
309
370
372
373
-1
308
309
311
372
374
375
-1
310
311
313
374
376
377
-1
312
313
315
376
378
379
-1
314
315
317
378
380
381
-1
316
317
319
380
382
383
-1
318
319
382
-1
-1
-1
-1
-1
-1
-1
-1
-1
-1
-1
-1
-1
-1
-1
-1
-1
-1
-1
-1
-1
-1
-1
-1
-1
-1
-1
-1
-1
-1
-1
-1
321
384
385
-1
-1
-1
-1
320
321
323
384
386
387
-1
322
323
325
386
388
389
-1
324
325
327
388
390
391
-1
326
327
329
390
392
393
-1
328
329
331
392
394
395
-1
330
331
333
394
396
397
-1
332
333
335
396
398
399
-1
334
335
337
398
400
401
-1
336
337
339
400
402
403
-1
338
339
341
402
404
405
-1
340
341
343
404
406
407
-1
342
343
345
406
408
409
-1
344
345
347
408
410
411
-1
346
347
349
410
412
413
-1
348
349
351
412
414
415
-1
350
351
353
414
416
417
-1
352
353
355
416
418
419
-1
354
355
357
418
420
421
-1
356
357
359
420
422
423
-1
358
359
361
422
424
425
-1
360
361
363
424
426
427
-1
362
363
365
426
428
429
-1
364
365
367
428
430
431
-1
366
367
369
430
432
433
-1
368
369
371
432
434
435
-1
370
371
373
434
436
437
-1
372
373
375
436
438
439
-1
374
375
377
438
440
441
-1
376
377
379
440
442
443
-1
378
379
381
442
444
445
-1
380
381
383
444
446
447
-1
382
383
446
-1
-1
-1
-1
-1
-1
-1
-1
-1
-1
-1
-1
-1
-1
-1
-1
-1
-1
-1
-1
-1
-1
-1
-1
-1
-1
-1
-1
-1
-1
-1
-1
385
448
449
-1
-1
-1
-1
384
385
387
448
450
451
-1
386
387
389
450
452
453
-1
388
389
391
452
454
455
-1
390
391
393
454
456
457
-1
392
393
395
456
458
459
-1
394
395
397
458
460
461
-1
396
397
399
460
462
463
-1
398
399
401
462
464
465
-1
400
401
403
464
466
467
-1
402
403
405
466
468
469
-1
404
405
407
468
470
471
-1
406
407
409
470
472
473
-1
408
409
411
472
474
475
-1
410
411
413
474
476
477
-1
412
413
415
476
478
479
-1
414
415
417
478
480
481
-1
416
417
419
480
482
483
-1
418
419
421
482
484
485
-1
420
421
423
484
486
487
-1
422
423
425
486
488
489
-1
424
425
427
488
490
491
-1
426
427
429
490
492
493
-1
428
429
431
492
494
495
-1
430
431
433
494
496
497
-1
432
433
435
496
498
499
-1
434
435
437
498
500
501
-1
436
437
439
500
502
503
-1
438
439
441
502
504
505
-1
440
441
443
504
506
507
-1
442
443
445
506
508
509
-1
444
445
447
508
510
511
-1
446
447
510
-1
-1
-1
-1
-1
-1
-1
-1
-1
-1
-1
-1
-1
-1
-1
-1
-1
-1
-1
-1
-1
-1
-1
-1
-1
-1
-1
-1
-1
-1
-1
-1
449
512
513
-1
-1
-1
-1
448
449
451
512
514
515
-1
450
451
453
514
516
517
-1
452
453
455
516
518
519
-1
454
455
457
518
520
521
-1
456
457
459
520
522
523
-1
458
459
461
522
524
525
-1
460
461
463
524
526
527
-1
462
463
465
526
528
529
-1
464
465
467
528
530
531
-1
466
467
469
530
532
533
-1
468
469
471
532
534
535
-1
470
471
473
534
536
537
-1
472
473
475
536
538
539
-1
474
475
477
538
540
541
-1
476
477
479
540
542
543
-1
478
479
481
542
544
545
-1
480
481
483
544
546
547
-1
482
483
485
546
548
549
-1
484
485
487
548
550
551
-1
486
487
489
550
552
553
-1
488
489
491
552
554
555
-1
490
491
493
554
556
557
-1
492
493
495
556
558
559
-1
494
495
497
558
560
561
-1
496
497
499
560
562
563
-1
498
499
501
562
564
565
-1
500
501
503
564
566
567
-1
502
503
505
566
568
569
-1
504
505
507
568
570
571
-1
506
507
509
570
572
573
-1
508
509
511
572
574
575
-1
510
511
574
-1
-1
-1
-1
-1
-1
-1
-1
-1
-1
-1
-1
-1
-1
-1
-1
-1
-1
-1
-1
-1
-1
-1
-1
-1
-1
-1
-1
-1
-1
-1
-1
513
576
577
-1
-1
-1
-1
512
513
515
576
578
579
-1
514
515
517
578
580
581
-1
516
517
519
580
582
583
-1
518
519
521
582
584
585
-1
520
521
523
584
586
587
-1
522
523
525
586
588
589
-1
524
525
527
588
590
591
-1
526
527
529
590
592
593
-1
528
529
531
592
594
595
-1
530
531
533
594
596
597
-1
532
533
535
596
598
599
-1
534
535
537
598
600
601
-1
536
537
539
600
602
603
-1
538
539
541
602
604
605
-1
540
541
543
604
606
607
-1
542
543
545
606
608
609
-1
544
545
547
608
610
611
-1
546
547
549
610
612
613
-1
548
549
551
612
614
615
-1
550
551
553
614
616
617
-1
552
553
555
616
618
619
-1
554
555
557
618
620
621
-1
556
557
559
620
622
623
-1
558
559
561
622
624
625
-1
560
561
563
624
626
627
-1
562
563
565
626
628
629
-1
564
565
567
628
630
631
-1
566
567
569
630
632
633
-1
568
569
571
632
634
635
-1
570
571
573
634
636
637
-1
572
573
575
636
638
639
-1
574
575
638
-1
-1
-1
-1
-1
-1
-1
-1
-1
-1
-1
-1
-1
-1
-1
-1
-1
-1
-1
-1
-1
-1
-1
-1
-1
-1
-1
-1
-1
-1
-1
-1
577
640
641
-1
-1
-1
-1
576
577
579
640
642
643
-1
578
579
581
642
644
645
-1
580
581
583
644
646
647
-1
582
583
585
646
648
649
-1
584
585
587
648
650
651
-1
586
587
589
650
652
653
-1
588
589
591
652
654
655
-1
590
591
593
654
656
657
-1
592
593
595
656
658
659
-1
594
595
597
658
660
661
-1
596
597
599
660
662
663
-1
598
599
601
662
664
665
-1
600
601
603
664
666
667
-1
602
603
605
666
668
669
-1
604
605
607
668
670
671
-1
606
607
609
670
672
673
-1
608
609
611
672
674
675
-1
610
611
613
674
676
677
-1
612
613
615
676
678
679
-1
614
615
617
678
680
681
-1
616
617
619
680
682
683
-1
618
619
621
682
684
685
-1
620
621
623
684
686
687
-1
622
623
625
686
688
689
-1
624
625
627
688
690
691
-1
626
627
629
690
692
693
-1
628
629
631
692
694
695
-1
630
631
633
694
696
697
-1
632
633
635
696
698
699
-1
634
635
637
698
700
701
-1
636
637
639
700
702
703
-1
638
639
702
-1
-1
-1
-1
-1
-1
-1
-1
-1
-1
-1
-1
-1
-1
-1
-1
-1
-1
-1
-1
-1
-1
-1
-1
-1
-1
-1
-1
-1
-1
-1
-1
641
704
705
-1
-1
-1
-1
640
641
643
704
706
707
-1
642
643
645
706
708
709
-1
644
645
647
708
710
711
-1
646
647
649
710
712
713
-1
648
649
651
712
714
715
-1
650
651
653
714
716
717
-1
652
653
655
716
718
719
-1
654
655
657
718
720
721
-1
656
657
659
720
722
723
-1
658
659
661
722
724
725
-1
660
661
663
724
726
727
-1
662
663
665
726
728
729
-1
664
665
667
728
730
731
-1
666
667
669
730
732
733
-1
668
669
671
732
734
735
-1
670
671
673
734
736
737
-1
672
673
675
736
738
739
-1
674
675
677
738
740
741
-1
676
677
679
740
742
743
-1
678
679
681
742
744
745
-1
680
681
683
744
746
747
-1
682
683
685
746
748
749
-1
684
685
687
748
750
751
-1
686
687
689
750
752
753
-1
688
689
691
752
754
755
-1
690
691
693
754
756
757
-1
692
693
695
756
758
759
-1
694
695
697
758
760
761
-1
696
697
699
760
762
763
-1
698
699
701
762
764
765
-1
700
701
703
764
766
767
-1
702
703
766
-1
-1
-1
-1
-1
-1
-1
-1
-1
-1
-1
-1
-1
-1
-1
-1
-1
-1
-1
-1
-1
-1
-1
-1
-1
-1
-1
-1
-1
-1
-1
-1
705
768
769
-1
-1
-1
-1
704
705
707
768
770
771
-1
706
707
709
770
772
773
-1
708
709
711
772
774
775
-1
710
711
713
774
776
777
-1
712
713
715
776
778
779
-1
714
715
717
778
780
781
-1
716
717
719
780
782
783
-1
718
719
721
782
784
785
-1
720
721
723
784
786
787
-1
722
723
725
786
788
789
-1
724
725
727
788
790
791
-1
726
727
729
790
792
793
-1
728
729
731
792
794
795
-1
730
731
733
794
796
797
-1
732
733
735
796
798
799
-1
734
735
737
798
800
801
-1
736
737
739
800
802
803
-1
738
739
741
802
804
805
-1
740
741
743
804
806
807
-1
742
743
745
806
808
809
-1
744
745
747
808
810
811
-1
746
747
749
810
812
813
-1
748
749
751
812
814
815
-1
750
751
753
814
816
817
-1
752
753
755
816
818
819
-1
754
755
757
818
820
821
-1
756
757
759
820
822
823
-1
758
759
761
822
824
825
-1
760
761
763
824
826
827
-1
762
763
765
826
828
829
-1
764
765
767
828
830
831
-1
766
767
830
-1
-1
-1
-1
-1
-1
-1
-1
-1
-1
-1
-1
-1
-1
-1
-1
-1
-1
-1
-1
-1
-1
-1
-1
-1
-1
-1
-1
-1
-1
-1
-1
769
832
833
-1
-1
-1
-1
768
769
771
832
834
835
-1
770
771
773
834
836
837
-1
772
773
775
836
838
839
-1
774
775
777
838
840
841
-1
776
777
779
840
842
843
-1
778
779
781
842
844
845
-1
780
781
783
844
846
847
-1
782
783
785
846
848
849
-1
784
785
787
848
850
851
-1
786
787
789
850
852
853
-1
788
789
791
852
854
855
-1
790
791
793
854
856
857
-1
792
793
795
856
858
859
-1
794
795
797
858
860
861
-1
796
797
799
860
862
863
-1
798
799
801
862
864
865
-1
800
801
803
864
866
867
-1
802
803
805
866
868
869
-1
804
805
807
868
870
871
-1
806
807
809
870
872
873
-1
808
809
811
872
874
875
-1
810
811
813
874
876
877
-1
812
813
815
876
878
879
-1
814
815
817
878
880
881
-1
816
817
819
880
882
883
-1
818
819
821
882
884
885
-1
820
821
823
884
886
887
-1
822
823
825
886
888
889
-1
824
825
827
888
890
891
-1
826
827
829
890
892
893
-1
828
829
831
892
894
895
-1
830
831
894
-1
-1
-1
-1
-1
-1
-1
-1
-1
-1
-1
-1
-1
-1
-1
-1
-1
-1
-1
-1
-1
-1
-1
-1
-1
-1
-1
-1
-1
-1
-1
-1
833
896
897
-1
-1
-1
-1
832
833
835
896
898
899
-1
834
835
837
898
900
901
-1
836
837
839
900
902
903
-1
838
839
841
902
904
905
-1
840
841
843
904
906
907
-1
842
843
845
906
908
909
-1
844
845
847
908
910
911
-1
846
847
849
910
912
913
-1
848
849
851
912
914
915
-1
850
851
853
914
916
917
-1
852
853
855
916
918
919
-1
854
855
857
918
920
921
-1
856
857
859
920
922
923
-1
858
859
861
922
924
925
-1
860
861
863
924
926
927
-1
862
863
865
926
928
929
-1
864
865
867
928
930
931
-1
866
867
869
930
932
933
-1
868
869
871
932
934
935
-1
870
871
873
934
936
937
-1
872
873
875
936
938
939
-1
874
875
877
938
940
941
-1
876
877
879
940
942
943
-1
878
879
881
942
944
945
-1
880
881
883
944
946
947
-1
882
883
885
946
948
949
-1
884
885
887
948
950
951
-1
886
887
889
950
952
953
-1
888
889
891
952
954
955
-1
890
891
893
954
956
957
-1
892
893
895
956
958
959
-1
894
895
958
-1
-1
-1
-1
-1
-1
-1
-1
-1
-1
-1
-1
-1
-1
-1
-1
-1
-1
-1
-1
-1
-1
-1
-1
-1
-1
-1
-1
-1
-1
-1
-1
897
960
961
-1
-1
-1
-1
896
897
899
960
962
963
-1
898
899
901
962
964
965
-1
900
901
903
964
966
967
-1
902
903
905
966
968
969
-1
904
905
907
968
970
971
-1
906
907
909
970
972
973
-1
908
909
911
972
974
975
-1
910
911
913
974
976
977
-1
912
913
915
976
978
979
-1
914
915
917
978
980
981
-1
916
917
919
980
982
983
-1
918
919
921
982
984
985
-1
920
921
923
984
986
987
-1
922
923
925
986
988
989
-1
924
925
927
988
990
991
-1
926
927
929
990
992
993
-1
928
929
931
992
994
995
-1
930
931
933
994
996
997
-1
932
933
935
996
998
999
-1
934
935
937
998
1000
1001
-1
936
937
939
1000
1002
1003
-1
938
939
941
1002
1004
1005
-1
940
941
943
1004
1006
1007
-1
942
943
945
1006
1008
1009
-1
944
945
947
1008
1010
1011
-1
946
947
949
1010
1012
1013
-1
948
949
951
1012
1014
1015
-1
950
951
953
1014
1016
1017
-1
952
953
955
1016
1018
1019
-1
954
955
957
1018
1020
1021
-1
956
957
959
1020
1022
1023
-1
958
959
1022
-1
-1
-1
-1
-1
-1
-1
-1
-1
-1
-1
-1
-1
-1
-1
-1
-1
-1
-1
-1
-1
-1
-1
-1
-1
-1
-1
-1
-1
-1
-1
-1
961
1024
1025
-1
-1
-1
-1
960
961
963
1024
1026
1027
-1
962
963
965
1026
1028
1029
-1
964
965
967
1028
1030
1031
-1
966
967
969
1030
1032
1033
-1
968
969
971
1032
1034
1035
-1
970
971
973
1034
1036
1037
-1
972
973
975
1036
1038
1039
-1
974
975
977
1038
1040
1041
-1
976
977
979
1040
1042
1043
-1
978
979
981
1042
1044
1045
-1
980
981
983
1044
1046
1047
-1
982
983
985
1046
1048
1049
-1
984
985
987
1048
1050
1051
-1
986
987
989
1050
1052
1053
-1
988
989
991
1052
1054
1055
-1
990
991
993
1054
1056
1057
-1
992
993
995
1056
1058
1059
-1
994
995
997
1058
1060
1061
-1
996
997
999
1060
1062
1063
-1
998
999
1001
1062
1064
1065
-1
1000
1001
1003
1064
1066
1067
-1
1002
1003
1005
1066
1068
1069
-1
1004
1005
1007
1068
1070
1071
-1
1006
1007
1009
1070
1072
1073
-1
1008
1009
1011
1072
1074
1075
-1
1010
1011
1013
1074
1076
1077
-1
1012
1013
1015
1076
1078
1079
-1
1014
1015
1017
1078
1080
1081
-1
1016
1017
1019
1080
1082
1083
-1
1018
1019
1021
1082
1084
1085
-1
1020
1021
1023
1084
1086
1087
-1
1022
1023
1086
-1
-1
-1
-1
-1
-1
-1
-1
-1
-1
-1
-1
-1
-1
-1
-1
-1
-1
-1
-1
-1
-1
-1
-1
-1
-1
-1
-1
-1
-1
-1
-1
1025
1088
1089
-1
-1
-1
-1
1024
1025
1027
1088
1090
1091
-1
1026
1027
1029
1090
1092
1093
-1
1028
1029
1031
1092
1094
1095
-1
1030
1031
1033
1094
1096
1097
-1
1032
1033
1035
1096
1098
1099
-1
1034
1035
1037
1098
1100
1101
-1
1036
1037
1039
1100
1102
1103
-1
1038
1039
1041
1102
1104
1105
-1
1040
1041
1043
1104
1106
1107
-1
1042
1043
1045
1106
1108
1109
-1
1044
1045
1047
1108
1110
1111
-1
1046
1047
1049
1110
1112
1113
-1
1048
1049
1051
1112
1114
1115
-1
1050
1051
1053
1114
1116
1117
-1
1052
1053
1055
1116
1118
1119
-1
1054
1055
1057
1118
1120
1121
-1
1056
1057
1059
1120
1122
1123
-1
1058
1059
1061
1122
1124
1125
-1
1060
1061
1063
1124
1126
1127
-1
1062
1063
1065
1126
1128
1129
-1
1064
1065
1067
1128
1130
1131
-1
1066
1067
1069
1130
1132
1133
-1
1068
1069
1071
1132
1134
1135
-1
1070
1071
1073
1134
1136
1137
-1
1072
1073
1075
1136
1138
1139
-1
1074
1075
1077
1138
1140
1141
-1
1076
1077
1079
1140
1142
1143
-1
1078
1079
1081
1142
1144
1145
-1
1080
1081
1083
1144
1146
1147
-1
1082
1083
1085
1146
1148
1149
-1
1084
1085
1087
1148
1150
1151
-1
1086
1087
1150
-1
-1
-1
-1
-1
-1
-1
-1
-1
-1
-1
-1
-1
-1
-1
-1
-1
-1
-1
-1
-1
-1
-1
-1
-1
-1
-1
-1
-1
-1
-1
-1
1089
1152
1153
-1
-1
-1
-1
1088
1089
1091
1152
1154
1155
-1
1090
1091
1093
1154
1156
1157
-1
1092
1093
1095
1156
1158
1159
-1
1094
1095
1097
1158
1160
1161
-1
1096
1097
1099
1160
1162
1163
-1
1098
1099
1101
1162
1164
1165
-1
1100
1101
1103
1164
1166
1167
-1
1102
1103
1105
1166
1168
1169
-1
1104
1105
1107
1168
1170
1171
-1
1106
1107
1109
1170
1172
1173
-1
1108
1109
1111
1172
1174
1175
-1
1110
1111
1113
1174
1176
1177
-1
1112
1113
1115
1176
1178
1179
-1
1114
1115
1117
1178
1180
1181
-1
1116
1117
1119
1180
1182
1183
-1
1118
1119
1121
1182
1184
1185
-1
1120
1121
1123
1184
1186
1187
-1
1122
1123
1125
1186
1188
1189
-1
1124
1125
1127
1188
1190
1191
-1
1126
1127
1129
1190
1192
1193
-1
1128
1129
1131
1192
1194
1195
-1
1130
1131
1133
1194
1196
1197
-1
1132
1133
1135
1196
1198
1199
-1
1134
1135
1137
1198
1200
1201
-1
1136
1137
1139
1200
1202
1203
-1
1138
1139
1141
1202
1204
1205
-1
1140
1141
1143
1204
1206
1207
-1
1142
1143
1145
1206
1208
1209
-1
1144
1145
1147
1208
1210
1211
-1
1146
1147
1149
1210
1212
1213
-1
1148
1149
1151
1212
1214
1215
-1
1150
1151
1214
-1
-1
-1
-1
-1
-1
-1
-1
-1
-1
-1
-1
-1
-1
-1
-1
-1
-1
-1
-1
-1
-1
-1
-1
-1
-1
-1
-1
-1
-1
-1
-1
1153
1216
1217
-1
-1
-1
-1
1152
1153
1155
1216
1218
1219
-1
1154
1155
1157
1218
1220
1221
-1
1156
1157
1159
1220
1222
1223
-1
1158
1159
1161
1222
1224
1225
-1
1160
1161
1163
1224
1226
1227
-1
1162
1163
1165
1226
1228
1229
-1
1164
1165
1167
1228
1230
1231
-1
1166
1167
1169
1230
1232
1233
-1
1168
1169
1171
1232
1234
1235
-1
1170
1171
1173
1234
1236
1237
-1
1172
1173
1175
1236
1238
1239
-1
1174
1175
1177
1238
1240
1241
-1
1176
1177
1179
1240
1242
1243
-1
1178
1179
1181
1242
1244
1245
-1
1180
1181
1183
1244
1246
1247
-1
1182
1183
1185
1246
1248
1249
-1
1184
1185
1187
1248
1250
1251
-1
1186
1187
1189
1250
1252
1253
-1
1188
1189
1191
1252
1254
1255
-1
1190
1191
1193
1254
1256
1257
-1
1192
1193
1195
1256
1258
1259
-1
1194
1195
1197
1258
1260
1261
-1
1196
1197
1199
1260
1262
1263
-1
1198
1199
1201
1262
1264
1265
-1
1200
1201
1203
1264
1266
1267
-1
1202
1203
1205
1266
1268
1269
-1
1204
1205
1207
1268
1270
1271
-1
1206
1207
1209
1270
1272
1273
-1
1208
1209
1211
1272
1274
1275
-1
1210
1211
1213
1274
1276
1277
-1
1212
1213
1215
1276
1278
1279
-1
1214
1215
1278
-1
-1
-1
-1
-1
-1
-1
-1
-1
-1
-1
-1
-1
-1
-1
-1
-1
-1
-1
-1
-1
-1
-1
-1
-1
-1
-1
-1
-1
-1
-1
-1
1217
1280
1281
-1
-1
-1
-1
1216
1217
1219
1280
1282
1283
-1
1218
1219
1221
1282
1284
1285
-1
1220
1221
1223
1284
1286
1287
-1
1222
1223
1225
1286
1288
1289
-1
1224
1225
1227
1288
1290
1291
-1
1226
1227
1229
1290
1292
1293
-1
1228
1229
1231
1292
1294
1295
-1
1230
1231
1233
1294
1296
1297
-1
1232
1233
1235
1296
1298
1299
-1
1234
1235
1237
1298
1300
1301
-1
1236
1237
1239
1300
1302
1303
-1
1238
1239
1241
1302
1304
1305
-1
1240
1241
1243
1304
1306
1307
-1
1242
1243
1245
1306
1308
1309
-1
1244
1245
1247
1308
1310
1311
-1
1246
1247
1249
1310
1312
1313
-1
1248
1249
1251
1312
1314
1315
-1
1250
1251
1253
1314
1316
1317
-1
1252
1253
1255
1316
1318
1319
-1
1254
1255
1257
1318
1320
1321
-1
1256
1257
1259
1320
1322
1323
-1
1258
1259
1261
1322
1324
1325
-1
1260
1261
1263
1324
1326
1327
-1
1262
1263
1265
1326
1328
1329
-1
1264
1265
1267
1328
1330
1331
-1
1266
1267
1269
1330
1332
1333
-1
1268
1269
1271
1332
1334
1335
-1
1270
1271
1273
1334
1336
1337
-1
1272
1273
1275
1336
1338
1339
-1
1274
1275
1277
1338
1340
1341
-1
1276
1277
1279
1340
1342
1343
-1
1278
1279
1342
-1
-1
-1
-1
-1
-1
-1
-1
-1
-1
-1
-1
-1
-1
-1
-1
-1
-1
-1
-1
-1
-1
-1
-1
-1
-1
-1
-1
-1
-1
-1
-1
1281
1344
1345
-1
-1
-1
-1
1280
1281
1283
1344
1346
1347
-1
1282
1283
1285
1346
1348
1349
-1
1284
1285
1287
1348
1350
1351
-1
1286
1287
1289
1350
1352
1353
-1
1288
1289
1291
1352
1354
1355
-1
1290
1291
1293
1354
1356
1357
-1
1292
1293
1295
1356
1358
1359
-1
1294
1295
1297
1358
1360
1361
-1
1296
1297
1299
1360
1362
1363
-1
1298
1299
1301
1362
1364
1365
-1
1300
1301
1303
1364
1366
1367
-1
1302
1303
1305
1366
1368
1369
-1
1304
1305
1307
1368
1370
1371
-1
1306
1307
1309
1370
1372
1373
-1
1308
1309
1311
1372
1374
1375
-1
1310
1311
1313
1374
1376
1377
-1
1312
1313
1315
1376
1378
1379
-1
1314
1315
1317
1378
1380
1381
-1
1316
1317
1319
1380
1382
1383
-1
1318
1319
1321
1382
1384
1385
-1
1320
1321
1323
1384
1386
1387
-1
1322
1323
1325
1386
1388
1389
-1
1324
1325
1327
1388
1390
1391
-1
1326
1327
1329
1390
1392
1393
-1
1328
1329
1331
1392
1394
1395
-1
1330
1331
1333
1394
1396
1397
-1
1332
1333
1335
1396
1398
1399
-1
1334
1335
1337
1398
1400
1401
-1
1336
1337
1339
1400
1402
1403
-1
1338
1339
1341
1402
1404
1405
-1
1340
1341
1343
1404
1406
1407
-1
1342
1343
1406
-1
-1
-1
-1
-1
-1
-1
-1
-1
-1
-1
-1
-1
-1
-1
-1
-1
-1
-1
-1
-1
-1
-1
-1
-1
-1
-1
-1
-1
-1
-1
-1
1345
1408
1409
-1
-1
-1
-1
1344
1345
1347
1408
1410
1411
-1
1346
1347
1349
1410
1412
1413
-1
1348
1349
1351
1412
1414
1415
-1
1350
1351
1353
1414
1416
1417
-1
1352
1353
1355
1416
1418
1419
-1
1354
1355
1357
1418
1420
1421
-1
1356
1357
1359
1420
1422
1423
-1
1358
1359
1361
1422
1424
1425
-1
1360
1361
1363
1424
1426
1427
-1
1362
1363
1365
1426
1428
1429
-1
1364
1365
1367
1428
1430
1431
-1
1366
1367
1369
1430
1432
1433
-1
1368
1369
1371
1432
1434
1435
-1
1370
1371
1373
1434
1436
1437
-1
1372
1373
1375
1436
1438
1439
-1
1374
1375
1377
1438
1440
1441
-1
1376
1377
1379
1440
1442
1443
-1
1378
1379
1381
1442
1444
1445
-1
1380
1381
1383
1444
1446
1447
-1
1382
1383
1385
1446
1448
1449
-1
1384
1385
1387
1448
1450
1451
-1
1386
1387
1389
1450
1452
1453
-1
1388
1389
1391
1452
1454
1455
-1
1390
1391
1393
1454
1456
1457
-1
1392
1393
1395
1456
1458
1459
-1
1394
1395
1397
1458
1460
1461
-1
1396
1397
1399
1460
1462
1463
-1
1398
1399
1401
1462
1464
1465
-1
1400
1401
1403
1464
1466
1467
-1
1402
1403
1405
1466
1468
1469
-1
1404
1405
1407
1468
1470
1471
-1
1406
1407
1470
-1
-1
-1
-1
-1
-1
-1
-1
-1
-1
-1
-1
-1
-1
-1
-1
-1
-1
-1
-1
-1
-1
-1
-1
-1
-1
-1
-1
-1
-1
-1
-1
1409
1472
1473
-1
-1
-1
-1
1408
1409
1411
1472
1474
1475
-1
1410
1411
1413
1474
1476
1477
-1
1412
1413
1415
1476
1478
1479
-1
1414
1415
1417
1478
1480
1481
-1
1416
1417
1419
1480
1482
1483
-1
1418
1419
1421
1482
1484
1485
-1
1420
1421
1423
1484
1486
1487
-1
1422
1423
1425
1486
1488
1489
-1
1424
1425
1427
1488
1490
1491
-1
1426
1427
1429
1490
1492
1493
-1
1428
1429
1431
1492
1494
1495
-1
1430
1431
1433
1494
1496
1497
-1
1432
1433
1435
1496
1498
1499
-1
1434
1435
1437
1498
1500
1501
-1
1436
1437
1439
1500
1502
1503
-1
1438
1439
1441
1502
1504
1505
-1
1440
1441
1443
1504
1506
1507
-1
1442
1443
1445
1506
1508
1509
-1
1444
1445
1447
1508
1510
1511
-1
1446
1447
1449
1510
1512
1513
-1
1448
1449
1451
1512
1514
1515
-1
1450
1451
1453
1514
1516
1517
-1
1452
1453
1455
1516
1518
1519
-1
1454
1455
1457
1518
1520
1521
-1
1456
1457
1459
1520
1522
1523
-1
1458
1459
1461
1522
1524
1525
-1
1460
1461
1463
1524
1526
1527
-1
1462
1463
1465
1526
1528
1529
-1
1464
1465
1467
1528
1530
1531
-1
1466
1467
1469
1530
1532
1533
-1
1468
1469
1471
1532
1534
1535
-1
1470
1471
1534
-1
-1
-1
-1
-1
-1
-1
-1
-1
-1
-1
-1
-1
-1
-1
-1
-1
-1
-1
-1
-1
-1
-1
-1
-1
-1
-1
-1
-1
-1
-1
-1
1473
1536
1537
-1
-1
-1
-1
1472
1473
1475
1536
1538
1539
-1
1474
1475
1477
1538
1540
1541
-1
1476
1477
1479
1540
1542
1543
-1
1478
1479
1481
1542
1544
1545
-1
1480
1481
1483
1544
1546
1547
-1
1482
1483
1485
1546
1548
1549
-1
1484
1485
1487
1548
1550
1551
-1
1486
1487
1489
1550
1552
1553
-1
1488
1489
1491
1552
1554
1555
-1
1490
1491
1493
1554
1556
1557
-1
1492
1493
1495
1556
1558
1559
-1
1494
1495
1497
1558
1560
1561
-1
1496
1497
1499
1560
1562
1563
-1
1498
1499
1501
1562
1564
1565
-1
1500
1501
1503
1564
1566
1567
-1
1502
1503
1505
1566
1568
1569
-1
1504
1505
1507
1568
1570
1571
-1
1506
1507
1509
1570
1572
1573
-1
1508
1509
1511
1572
1574
1575
-1
1510
1511
1513
1574
1576
1577
-1
1512
1513
1515
1576
1578
1579
-1
1514
1515
1517
1578
1580
1581
-1
1516
1517
1519
1580
1582
1583
-1
1518
1519
1521
1582
1584
1585
-1
1520
1521
1523
1584
1586
1587
-1
1522
1523
1525
1586
1588
1589
-1
1524
1525
1527
1588
1590
1591
-1
1526
1527
1529
1590
1592
1593
-1
1528
1529
1531
1592
1594
1595
-1
1530
1531
1533
1594
1596
1597
-1
1532
1533
1535
1596
1598
1599
-1
1534
1535
1598
-1
-1
-1
-1
-1
-1
-1
-1
-1
-1
-1
-1
-1
-1
-1
-1
-1
-1
-1
-1
-1
-1
-1
-1
-1
-1
-1
-1
-1
-1
-1
-1
1537
1600
1601
-1
-1
-1
-1
1536
1537
1539
1600
1602
1603
-1
1538
1539
1541
1602
1604
1605
-1
1540
1541
1543
1604
1606
1607
-1
1542
1543
1545
1606
1608
1609
-1
1544
1545
1547
1608
1610
1611
-1
1546
1547
1549
1610
1612
1613
-1
1548
1549
1551
1612
1614
1615
-1
1550
1551
1553
1614
1616
1617
-1
1552
1553
1555
1616
1618
1619
-1
1554
1555
1557
1618
1620
1621
-1
1556
1557
1559
1620
1622
1623
-1
1558
1559
1561
1622
1624
1625
-1
1560
1561
1563
1624
1626
1627
-1
1562
1563
1565
1626
1628
1629
-1
1564
1565
1567
1628
1630
1631
-1
1566
1567
1569
1630
1632
1633
-1
1568
1569
1571
1632
1634
1635
-1
1570
1571
1573
1634
1636
1637
-1
1572
1573
1575
1636
1638
1639
-1
1574
1575
1577
1638
1640
1641
-1
1576
1577
1579
1640
1642
1643
-1
1578
1579
1581
1642
1644
1645
-1
1580
1581
1583
1644
1646
1647
-1
1582
1583
1585
1646
1648
1649
-1
1584
1585
1587
1648
1650
1651
-1
1586
1587
1589
1650
1652
1653
-1
1588
1589
1591
1652
1654
1655
-1
1590
1591
1593
1654
1656
1657
-1
1592
1593
1595
1656
1658
1659
-1
1594
1595
1597
1658
1660
1661
-1
1596
1597
1599
1660
1662
1663
-1
1598
1599
1662
-1
-1
-1
-1
-1
-1
-1
-1
-1
-1
-1
-1
-1
-1
-1
-1
-1
-1
-1
-1
-1
-1
-1
-1
-1
-1
-1
-1
-1
-1
-1
-1
1601
1664
1665
-1
-1
-1
-1
1600
1601
1603
1664
1666
1667
-1
1602
1603
1605
1666
1668
1669
-1
1604
1605
1607
1668
1670
1671
-1
1606
1607
1609
1670
1672
1673
-1
1608
1609
1611
1672
1674
1675
-1
1610
1611
1613
1674
1676
1677
-1
1612
1613
1615
1676
1678
1679
-1
1614
1615
1617
1678
1680
1681
-1
1616
1617
1619
1680
1682
1683
-1
1618
1619
1621
1682
1684
1685
-1
1620
1621
1623
1684
1686
1687
-1
1622
1623
1625
1686
1688
1689
-1
1624
1625
1627
1688
1690
1691
-1
1626
1627
1629
1690
1692
1693
-1
1628
1629
1631
1692
1694
1695
-1
1630
1631
1633
1694
1696
1697
-1
1632
1633
1635
1696
1698
1699
-1
1634
1635
1637
1698
1700
1701
-1
1636
1637
1639
1700
1702
1703
-1
1638
1639
1641
1702
1704
1705
-1
1640
1641
1643
1704
1706
1707
-1
1642
1643
1645
1706
1708
1709
-1
1644
1645
1647
1708
1710
1711
-1
1646
1647
1649
1710
1712
1713
-1
1648
1649
1651
1712
1714
1715
-1
1650
1651
1653
1714
1716
1717
-1
1652
1653
1655
1716
1718
1719
-1
1654
1655
1657
1718
1720
1721
-1
1656
1657
1659
1720
1722
1723
-1
1658
1659
1661
1722
1724
1725
-1
1660
1661
1663
1724
1726
1727
-1
1662
1663
1726
-1
-1
-1
-1
-1
-1
-1
-1
-1
-1
-1
-1
-1
-1
-1
-1
-1
-1
-1
-1
-1
-1
-1
-1
-1
-1
-1
-1
-1
-1
-1
-1
1665
1728
1729
-1
-1
-1
-1
1664
1665
1667
1728
1730
1731
-1
1666
1667
1669
1730
1732
1733
-1
1668
1669
1671
1732
1734
1735
-1
1670
1671
1673
1734
1736
1737
-1
1672
1673
1675
1736
1738
1739
-1
1674
1675
1677
1738
1740
1741
-1
1676
1677
1679
1740
1742
1743
-1
1678
1679
1681
1742
1744
1745
-1
1680
1681
1683
1744
1746
1747
-1
1682
1683
1685
1746
1748
1749
-1
1684
1685
1687
1748
1750
1751
-1
1686
1687
1689
1750
1752
1753
-1
1688
1689
1691
1752
1754
1755
-1
1690
1691
1693
1754
1756
1757
-1
1692
1693
1695
1756
1758
1759
-1
1694
1695
1697
1758
1760
1761
-1
1696
1697
1699
1760
1762
1763
-1
1698
1699
1701
1762
1764
1765
-1
1700
1701
1703
1764
1766
1767
-1
1702
1703
1705
1766
1768
1769
-1
1704
1705
1707
1768
1770
1771
-1
1706
1707
1709
1770
1772
1773
-1
1708
1709
1711
1772
1774
1775
-1
1710
1711
1713
1774
1776
1777
-1
1712
1713
1715
1776
1778
1779
-1
1714
1715
1717
1778
1780
1781
-1
1716
1717
1719
1780
1782
1783
-1
1718
1719
1721
1782
1784
1785
-1
1720
1721
1723
1784
1786
1787
-1
1722
1723
1725
1786
1788
1789
-1
1724
1725
1727
1788
1790
1791
-1
1726
1727
1790
-1
-1
-1
-1
-1
-1
-1
-1
-1
-1
-1
-1
-1
-1
-1
-1
-1
-1
-1
-1
-1
-1
-1
-1
-1
-1
-1
-1
-1
-1
-1
-1
1729
1792
1793
-1
-1
-1
-1
1728
1729
1731
1792
1794
1795
-1
1730
1731
1733
1794
1796
1797
-1
1732
1733
1735
1796
1798
1799
-1
1734
1735
1737
1798
1800
1801
-1
1736
1737
1739
1800
1802
1803
-1
1738
1739
1741
1802
1804
1805
-1
1740
1741
1743
1804
1806
1807
-1
1742
1743
1745
1806
1808
1809
-1
1744
1745
1747
1808
1810
1811
-1
1746
1747
1749
1810
1812
1813
-1
1748
1749
1751
1812
1814
1815
-1
1750
1751
1753
1814
1816
1817
-1
1752
1753
1755
1816
1818
1819
-1
1754
1755
1757
1818
1820
1821
-1
1756
1757
1759
1820
1822
1823
-1
1758
1759
1761
1822
1824
1825
-1
1760
1761
1763
1824
1826
1827
-1
1762
1763
1765
1826
1828
1829
-1
1764
1765
1767
1828
1830
1831
-1
1766
1767
1769
1830
1832
1833
-1
1768
1769
1771
1832
1834
1835
-1
1770
1771
1773
1834
1836
1837
-1
1772
1773
1775
1836
1838
1839
-1
1774
1775
1777
1838
1840
1841
-1
1776
1777
1779
1840
1842
1843
-1
1778
1779
1781
1842
1844
1845
-1
1780
1781
1783
1844
1846
1847
-1
1782
1783
1785
1846
1848
1849
-1
1784
1785
1787
1848
1850
1851
-1
1786
1787
1789
1850
1852
1853
-1
1788
1789
1791
1852
1854
1855
-1
1790
1791
1854
-1
-1
-1
-1
-1
-1
-1
-1
-1
-1
-1
-1
-1
-1
-1
-1
-1
-1
-1
-1
-1
-1
-1
-1
-1
-1
-1
-1
-1
-1
-1
-1
1793
1856
1857
-1
-1
-1
-1
1792
1793
1795
1856
1858
1859
-1
1794
1795
1797
1858
1860
1861
-1
1796
1797
1799
1860
1862
1863
-1
1798
1799
1801
1862
1864
1865
-1
1800
1801
1803
1864
1866
1867
-1
1802
1803
1805
1866
1868
1869
-1
1804
1805
1807
1868
1870
1871
-1
1806
1807
1809
1870
1872
1873
-1
1808
1809
1811
1872
1874
1875
-1
1810
1811
1813
1874
1876
1877
-1
1812
1813
1815
1876
1878
1879
-1
1814
1815
1817
1878
1880
1881
-1
1816
1817
1819
1880
1882
1883
-1
1818
1819
1821
1882
1884
1885
-1
1820
1821
1823
1884
1886
1887
-1
1822
1823
1825
1886
1888
1889
-1
1824
1825
1827
1888
1890
1891
-1
1826
1827
1829
1890
1892
1893
-1
1828
1829
1831
1892
1894
1895
-1
1830
1831
1833
1894
1896
1897
-1
1832
1833
1835
1896
1898
1899
-1
1834
1835
1837
1898
1900
1901
-1
1836
1837
1839
1900
1902
1903
-1
1838
1839
1841
1902
1904
1905
-1
1840
1841
1843
1904
1906
1907
-1
1842
1843
1845
1906
1908
1909
-1
1844
1845
1847
1908
1910
1911
-1
1846
1847
1849
1910
1912
1913
-1
1848
1849
1851
1912
1914
1915
-1
1850
1851
1853
1914
1916
1917
-1
1852
1853
1855
1916
1918
1919
-1
1854
1855
1918
-1
-1
-1
-1
-1
-1
-1
-1
-1
-1
-1
-1
-1
-1
-1
-1
-1
-1
-1
-1
-1
-1
-1
-1
-1
-1
-1
-1
-1
-1
-1
-1
1857
1920
1921
-1
-1
-1
-1
1856
1857
1859
1920
1922
1923
-1
1858
1859
1861
1922
1924
1925
-1
1860
1861
1863
1924
1926
1927
-1
1862
1863
1865
1926
1928
1929
-1
1864
1865
1867
1928
1930
1931
-1
1866
1867
1869
1930
1932
1933
-1
1868
1869
1871
1932
1934
1935
-1
1870
1871
1873
1934
1936
1937
-1
1872
1873
1875
1936
1938
1939
-1
1874
1875
1877
1938
1940
1941
-1
1876
1877
1879
1940
1942
1943
-1
1878
1879
1881
1942
1944
1945
-1
1880
1881
1883
1944
1946
1947
-1
1882
1883
1885
1946
1948
1949
-1
1884
1885
1887
1948
1950
1951
-1
1886
1887
1889
1950
1952
1953
-1
1888
1889
1891
1952
1954
1955
-1
1890
1891
1893
1954
1956
1957
-1
1892
1893
1895
1956
1958
1959
-1
1894
1895
1897
1958
1960
1961
-1
1896
1897
1899
1960
1962
1963
-1
1898
1899
1901
1962
1964
1965
-1
1900
1901
1903
1964
1966
1967
-1
1902
1903
1905
1966
1968
1969
-1
1904
1905
1907
1968
1970
1971
-1
1906
1907
1909
1970
1972
1973
-1
1908
1909
1911
1972
1974
1975
-1
1910
1911
1913
1974
1976
1977
-1
1912
1913
1915
1976
1978
1979
-1
1914
1915
1917
1978
1980
1981
-1
1916
1917
1919
1980
1982
1983
-1
1918
1919
1982
-1
-1
-1
-1
-1
-1
-1
-1
-1
-1
-1
-1
-1
-1
-1
-1
-1
-1
-1
-1
-1
-1
-1
-1
-1
-1
-1
-1
-1
-1
-1
-1
1921
1984
1985
-1
-1
-1
-1
1920
1921
1923
1984
1986
1987
-1
1922
1923
1925
1986
1988
1989
-1
1924
1925
1927
1988
1990
1991
-1
1926
1927
1929
1990
1992
1993
-1
1928
1929
1931
1992
1994
1995
-1
1930
1931
1933
1994
1996
1997
-1
1932
1933
1935
1996
1998
1999
-1
1934
1935
1937
1998
2000
2001
-1
1936
1937
1939
2000
2002
2003
-1
1938
1939
1941
2002
2004
2005
-1
1940
1941
1943
2004
2006
2007
-1
1942
1943
1945
2006
2008
2009
-1
1944
1945
1947
2008
2010
2011
-1
1946
1947
1949
2010
2012
2013
-1
1948
1949
1951
2012
2014
2015
-1
1950
1951
1953
2014
2016
2017
-1
1952
1953
1955
2016
2018
2019
-1
1954
1955
1957
2018
2020
2021
-1
1956
1957
1959
2020
2022
2023
-1
1958
1959
1961
2022
2024
2025
-1
1960
1961
1963
2024
2026
2027
-1
1962
1963
1965
2026
2028
2029
-1
1964
1965
1967
2028
2030
2031
-1
1966
1967
1969
2030
2032
2033
-1
1968
1969
1971
2032
2034
2035
-1
1970
1971
1973
2034
2036
2037
-1
1972
1973
1975
2036
2038
2039
-1
1974
1975
1977
2038
2040
2041
-1
1976
1977
1979
2040
2042
2043
-1
1978
1979
1981
2042
2044
2045
-1
1980
1981
1983
2044
2046
2047
-1
1982
1983
2046
-1
-1
-1
-1
-1
-1
-1
-1
-1
-1
-1
-1
-1
-1
-1
-1
-1
-1
-1
-1
-1
-1
-1
-1
-1
-1
-1
-1
-1
-1
-1
-1
1985
2048
2049
-1
-1
-1
-1
1984
1985
1987
2048
2050
2051
-1
1986
1987
1989
2050
2052
2053
-1
1988
1989
1991
2052
2054
2055
-1
1990
1991
1993
2054
2056
2057
-1
1992
1993
1995
2056
2058
2059
-1
1994
1995
1997
2058
2060
2061
-1
1996
1997
1999
2060
2062
2063
-1
1998
1999
2001
2062
2064
2065
-1
2000
2001
2003
2064
2066
2067
-1
2002
2003
2005
2066
2068
2069
-1
2004
2005
2007
2068
2070
2071
-1
2006
2007
2009
2070
2072
2073
-1
2008
2009
2011
2072
2074
2075
-1
2010
2011
2013
2074
2076
2077
-1
2012
2013
2015
2076
2078
2079
-1
2014
2015
2017
2078
2080
2081
-1
2016
2017
2019
2080
2082
2083
-1
2018
2019
2021
2082
2084
2085
-1
2020
2021
2023
2084
2086
2087
-1
2022
2023
2025
2086
2088
2089
-1
2024
2025
2027
2088
2090
2091
-1
2026
2027
2029
2090
2092
2093
-1
2028
2029
2031
2092
2094
2095
-1
2030
2031
2033
2094
2096
2097
-1
2032
2033
2035
2096
2098
2099
-1
2034
2035
2037
2098
2100
2101
-1
2036
2037
2039
2100
2102
2103
-1
2038
2039
2041
2102
2104
2105
-1
2040
2041
2043
2104
2106
2107
-1
2042
2043
2045
2106
2108
2109
-1
2044
2045
2047
2108
2110
2111
-1
2046
2047
2110
-1
-1
-1
-1
-1
-1
-1
-1
-1
-1
-1
-1
-1
-1
-1
-1
-1
-1
-1
-1
-1
-1
-1
-1
-1
-1
-1
-1
-1
-1
-1
-1
2049
-1
-1
-1
-1
-1
-1
2048
2049
2051
-1
-1
-1
-1
2050
2051
2053
-1
-1
-1
-1
2052
2053
2055
-1
-1
-1
-1
2054
2055
2057
-1
-1
-1
-1
2056
2057
2059
-1
-1
-1
-1
2058
2059
2061
-1
-1
-1
-1
2060
2061
2063
-1
-1
-1
-1
2062
2063
2065
-1
-1
-1
-1
2064
2065
2067
-1
-1
-1
-1
2066
2067
2069
-1
-1
-1
-1
2068
2069
2071
-1
-1
-1
-1
2070
2071
2073
-1
-1
-1
-1
2072
2073
2075
-1
-1
-1
-1
2074
2075
2077
-1
-1
-1
-1
2076
2077
2079
-1
-1
-1
-1
2078
2079
2081
-1
-1
-1
-1
2080
2081
2083
-1
-1
-1
-1
2082
2083
2085
-1
-1
-1
-1
2084
2085
2087
-1
-1
-1
-1
2086
2087
2089
-1
-1
-1
-1
2088
2089
2091
-1
-1
-1
-1
2090
2091
2093
-1
-1
-1
-1
2092
2093
2095
-1
-1
-1
-1
2094
2095
2097
-1
-1
-1
-1
2096
2097
2099
-1
-1
-1
-1
2098
2099
2101
-1
-1
-1
-1
2100
2101
2103
-1
-1
-1
-1
2102
2103
2105
-1
-1
-1
-1
2104
2105
2107
-1
-1
-1
-1
2106
2107
2109
-1
-1
-1
-1
2108
2109
2111
-1
-1
-1
-1
2110
2111
-1
-1
-1
-1
-1
-1
-1
-1
-1
-1
-1
-1
-1
-1
-1
-1
-1
-1
-1
-1
-1
-1
-1
-1
-1
-1
-1
-1
-1
-1
-1
-1
-1
-1
-1
-1
-1
-1
-1
-1
-1
-1
-1
-1
-1
-1
-1
-1
-1
-1
-1
-1
-1
-1
-1
-1
-1
-1
-1
-1
-1
-1
-1
-1
-1
-1
-1
-1
-1
-1
-1
-1
-1
-1
-1
-1
-1
-1
-1
-1
-1
-1
-1
-1
-1
-1
-1
-1
-1
-1
-1
-1
-1
-1
-1
-1
-1
-1
-1
-1
-1
-1
-1
-1
-1
-1
-1
-1
-1
-1
-1
-1
-1
-1
-1
-1
-1
-1
-1
-1
-1
-1
-1
-1
-1
-1
-1
-1
-1
-1
-1
-1
-1
-1
-1
-1
-1
-1
-1
-1
-1
-1
-1
-1
-1
-1
-1
-1
-1
-1
-1
-1
-1
-1
-1
-1
-1
-1
-1
-1
-1
-1
-1
-1
-1
-1
-1
-1
-1
-1
-1
-1
-1
-1
-1
-1
-1
-1
-1
-1
-1
-1
-1
-1
-1
-1
-1
-1
-1
-1
-1
-1
-1
-1
-1
-1
-1
-1
-1
-1
-1
-1
-1
-1
-1
-1
-1
-1
-1
-1
-1
-1
-1
-1
-1
-1
-1
-1
-1
-1
-1
-1
-1
-1
-1
-1
-1
-1
-1
-1
-1
-1
-1
-1
-1
-1
-1
-1
-1
-1
-1
-1
-1
-1
-1
-1
-1
-1
-1
-1
-1
-1
-1
-1
-1
-1
-1
-1
-1
-1
-1
-1
-1
-1
-1
-1
-1
-1
-1
-1
-1
-1
-1
-1
-1
-1
-1
-1
-1
-1
-1
-1
-1
-1
-1
-1
-1
-1
-1
-1
-1
-1
-1
-1
-1
-1
-1
-1
-1
-1
-1
-1
-1
-1
-1
-1
-1
-1
-1
-1
-1
-1
-1
-1
-1
-1
-1
-1
-1
-1
-1
-1
-1
-1
-1
-1
-1
-1
-1
-1
-1
-1
-1
-1
-1
-1
-1
-1
-1
-1
-1
-1
-1
-1
-1
-1
-1
-1
-1
-1
-1
-1
-1
-1
-1
-1
-1
-1
-1
-1
-1
-1
-1
-1
-1
-1
-1
-1
-1
-1
-1
-1
-1
-1
-1
-1
-1
-1
-1
-1
-1
-1
-1
-1
-1
-1
-1
-1
-1
-1
-1
-1
-1
-1
-1
-1
-1
-1
-1
-1
-1
-1
-1
-1
-1
-1
-1
-1
-1
-1
-1
-1
-1
-1
-1
-1
-1
-1
-1
-1
-1
-1
-1
-1
-1
-1
-1
-1
-1
-1
-1
-1
-1
-1
-1
-1
-1
-1
-1
-1
-1
-1
-1
-1
-1
-1
-1
-1
-1
-1
-1
-1
-1
-1
-1
-1
-1
-1
-1
-1
-1
-1
-1
-1
-1
-1
-1
-1
-1
-1
-1
-1
-1
-1
-1
-1
-1
-1
-1
-1
-1
-1
-1
-1
-1
-1
-1
-1
-1
-1
-1
-1
-1
-1
-1
-1
-1
-1
-1
-1
-1
-1
-1
-1
-1
-1
-1
-1
-1
-1
-1
-1
-1
-1
-1
-1
-1
-1
-1
-1
-1
-1
-1
-1
-1
-1
-1
-1
-1
-1
-1
-1
-1
-1
-1
-1
-1
-1
-1
-1
-1
-1
-1
-1
-1
-1
-1
-1
-1
-1
-1
-1
-1
-1
-1
-1
-1
-1
-1
-1
-1
-1
-1
-1
-1
-1
-1
-1
-1
-1
-1
-1
-1
-1
-1
-1
-1
-1
-1
-1
-1
-1
-1
-1
-1
-1
-1
-1
-1
-1
-1
-1
-1
-1
-1
-1
-1
-1
-1
-1
-1
-1
-1
-1
-1
-1
-1
-1
-1
-1
-1
-1
-1
-1
-1
-1
-1
-1
-1
-1
-1
-1
-1
-1
-1
-1
-1
-1
-1
-1
-1
-1
-1
-1
-1
-1
-1
-1
-1
-1
-1
-1
-1
-1
-1
-1
-1
-1
-1
-1
-1
-1
-1
-1
-1
-1
-1
-1
-1
-1
-1
-1
-1
-1
-1
-1
-1
-1
-1
-1
-1
-1
-1
-1
-1
-1
-1
-1
-1
-1
-1
-1
-1
-1
-1
-1
-1
-1
-1
-1
-1
-1
-1
-1
-1
-1
-1
-1
-1
-1
-1
-1
-1
-1
-1
-1
-1
-1
-1
-1
-1
-1
-1
-1
-1
-1
-1
-1
-1
-1
-1
-1
-1
-1
-1
-1
-1
-1
-1
-1
-1
-1
-1
-1
-1
-1
-1
-1
-1
-1
-1
-1
-1
-1
-1
-1
-1
-1
-1
-1
-1
-1
-1
-1
-1
-1
-1
-1
-1
-1
-1
-1
-1
-1
-1
-1
-1
-1
-1
-1
-1
-1
-1
-1
-1
-1
-1
-1
-1
-1
-1
-1
-1
-1
-1
-1
-1
-1
-1
-1
-1
-1
-1
-1
-1
-1
-1
-1
-1
-1
-1
-1
-1
-1
-1
-1
-1
-1
-1
-1
-1
-1
-1
-1
-1
-1
-1
-1
-1
-1
-1
-1
-1
-1
-1
-1
-1
-1
-1
-1
-1
-1
-1
-1
-1
-1
-1
-1
-1
-1
-1
-1
-1
-1
-1
-1
-1
-1
-1
-1
-1
-1
-1
-1
-1
-1
-1
-1
-1
-1
-1
-1
-1
-1
-1
-1
-1
-1
-1
-1
-1
-1
-1
-1
-1
-1
-1
-1
-1
-1
-1
-1
-1
-1
-1
-1
-1
-1
-1
-1
-1
-1
-1
-1
-1
-1
-1
-1
-1
-1
-1
-1
-1
-1
-1
-1
-1
-1
-1
-1
-1
-1
-1
-1
-1
-1
-1
-1
-1
-1
-1
-1
-1
-1
-1
-1
-1
-1
-1
-1
-1
-1
-1
-1
-1
-1
-1
-1
-1
-1
-1
-1
-1
-1
-1
-1
-1
-1
-1
-1
-1
-1
-1
-1
-1
-1
-1
-1
-1
-1
-1
-1
-1
-1
-1
-1
-1
-1
-1
-1
-1
-1
-1
-1
-1
-1
-1
-1
-1
-1
-1
-1
-1
-1
-1
-1
-1
-1
-1
-1
-1
-1
-1
-1
-1
-1
-1
-1
-1
-1
-1
-1
-1
-1
-1
-1
-1
-1
-1
-1
-1
-1
-1
-1
-1
-1
-1
-1
-1
-1
-1
-1
-1
-1
-1
-1
-1
-1
-1
-1
-1
-1
-1
-1
-1
-1
-1
-1
-1
-1
-1
-1
-1
-1
-1
-1
-1
-1
-1
-1
-1
-1
-1
-1
-1
-1
-1
-1
-1
-1
-1
-1
-1
-1
-1
-1
-1
-1
-1
-1
-1
-1
-1
-1
-1
-1
-1
-1
-1
-1
-1
-1
-1
-1
-1
-1
-1
-1
-1
-1
-1
-1
-1
-1
-1
-1
-1
-1
-1
-1
-1
-1
-1
-1
-1
-1
-1
-1
-1
-1
-1
-1
-1
-1
-1
-1
-1
-1
-1
-1
-1
-1
-1
-1
-1
-1
-1
-1
-1
-1
-1
-1
-1
-1
-1
-1
-1
-1
-1
-1
-1
-1
-1
-1
-1
-1
-1
-1
-1
-1
-1
-1
-1
-1
-1
-1
-1
-1
-1
-1
-1
-1
-1
-1
-1
-1
-1
-1
-1
-1
-1
-1
-1
-1
-1
-1
-1
-1
-1
-1
-1
-1
-1
-1
-1
-1
-1
-1
-1
-1
-1
-1
-1
-1
-1
-1
-1
-1
-1
-1
-1
-1
-1
-1
-1
-1
-1
-1
-1
-1
-1
-1
-1
-1
-1
-1
-1
-1
-1
-1
-1
-1
-1
-1
-1
-1
-1
-1
-1
-1
-1
-1
-1
-1
-1
-1
-1
-1
-1
-1
-1
-1
-1
-1
-1
-1
-1
-1
-1
-1
-1
-1
-1
-1
-1
-1
-1
-1
-1
-1
-1
-1
-1
-1
-1
-1
-1
-1
-1
-1
-1
-1
-1
-1
-1
-1
-1
-1
-1
-1
-1
-1
-1
-1
-1
-1
-1
-1
-1
-1
-1
-1
-1
-1
-1
-1
-1
-1
-1
-1
-1
-1
-1
-1
-1
-1
-1
-1
-1
-1
-1
-1
-1
-1
-1
-1
-1
-1
-1
-1
-1
-1
-1
-1
-1
-1
-1
-1
-1
-1
-1
-1
-1
-1
-1
-1
-1
-1
-1
-1
-1
-1
-1
-1
-1
-1
-1
-1
-1
-1
-1
-1
-1
-1
-1
-1
-1
-1
-1
-1
-1
-1
-1
-1
-1
-1
-1
-1
-1
-1
-1
-1
-1
-1
-1
-1
-1
-1
-1
-1
-1
-1
-1
-1
-1
-1
-1
-1
-1
-1
-1
-1
-1
-1
-1
-1
-1
-1
-1
-1
-1
-1
-1
-1
-1
-1
-1
-1
-1
-1
-1
-1
-1
-1
-1
-1
-1
-1
-1
-1
-1
-1
-1
-1
-1
-1
-1
-1
-1
-1
-1
-1
-1
-1
-1
-1
-1
-1
-1
-1
-1
-1
-1
-1
-1
-1
-1
-1
-1
-1
-1
-1
-1
-1
-1
-1
-1
-1
-1
-1
-1
-1
-1
-1
-1
-1
-1
-1
-1
-1
-1
-1
-1
-1
-1
-1
-1
-1
-1
-1
-1
-1
-1
-1
-1
-1
-1
-1
-1
-1
-1
-1
-1
-1
-1
-1
-1
-1
-1
-1
-1
-1
-1
-1
-1
-1
-1
-1
-1
-1
-1
-1
-1
-1
-1
-1
-1
-1
-1
-1
-1
-1
-1
-1
-1
-1
-1
-1
-1
-1
-1
-1
-1
-1
-1
-1
-1
-1
-1
-1
-1
-1
-1
-1
-1
-1
-1
-1
-1
-1
-1
-1
-1
-1
-1
-1
-1
-1
-1
-1
-1
-1
-1
-1
-1
-1
-1
-1
-1
-1
-1
-1
-1
-1
-1
-1
-1
-1
-1
-1
-1
-1
-1
-1
-1
-1
-1
-1
-1
-1
-1
-1
-1
-1
-1
-1
-1
-1
-1
-1
-1
-1
-1
-1
-1
-1
-1
-1
-1
-1
-1
-1
-1
-1
-1
-1
-1
-1
-1
-1
-1
-1
-1
-1
-1
-1
-1
-1
-1
-1
-1
-1
-1
-1
-1
-1
-1
-1
-1
-1
-1
-1
-1
-1
-1
-1
-1
-1
-1
-1
-1
-1
-1
-1
-1
-1
-1
-1
-1
-1
-1
-1
-1
-1
-1
-1
-1
-1
-1
-1
-1
-1
-1
-1
-1
-1
-1
-1
-1
-1
-1
-1
-1
-1
-1
-1
-1
-1
-1
-1
-1
-1
-1
-1
-1
-1
-1
-1
-1
-1
-1
-1
-1
-1
-1
-1
-1
-1
-1
-1
-1
-1
-1
-1
-1
-1
-1
-1
-1
-1
-1
-1
-1
-1
-1
-1
-1
-1
-1
-1
-1
-1
-1
-1
-1
-1
-1
-1
-1
-1
-1
-1
-1
-1
-1
-1
-1
-1
-1
-1
-1
-1
-1
-1
-1
-1
-1
-1
-1
-1
-1
-1
-1
-1
-1
-1
-1
-1
-1
-1
-1
-1
-1
-1
-1
-1
-1
-1
-1
-1
-1
-1
-1
-1
-1
-1
-1
-1
-1
-1
-1
-1
-1
-1
-1
-1
-1
-1
-1
-1
-1
-1
-1
-1
-1
-1
-1
-1
-1
-1
-1
-1
-1
-1
-1
-1
-1
-1
-1
-1
-1
-1
-1
-1
-1
-1
-1
-1
-1
-1
-1
-1
-1
-1
-1
-1
-1
-1
-1
-1
-1
-1
-1
-1
-1
-1
-1
-1
-1
-1
-1
-1
-1
-1
-1
-1
-1
-1
-1
-1
-1
-1
-1
-1
-1
-1
-1
-1
-1
-1
-1
-1
-1
-1
-1
-1
-1
-1
-1
-1
-1
-1
-1
-1
-1
-1
-1
-1
-1
-1
-1
-1
-1
-1
-1
-1
-1
-1
-1
-1
-1
-1
-1
-1
-1
-1
-1
-1
-1
-1
-1
-1
-1
-1
-1
-1
-1
-1
-1
-1
-1
-1
-1
-1
-1
-1
-1
-1
-1
-1
-1
-1
-1
-1
-1
-1
-1
-1
-1
-1
-1
-1
-1
-1
-1
-1
-1
-1
-1
-1
-1
-1
-1
-1
-1
-1
-1
-1
-1
-1
-1
-1
-1
-1
-1
-1
-1
-1
-1
-1
-1
-1
-1
-1
-1
-1
-1
-1
-1
-1
-1
-1
-1
-1
-1
-1
-1
-1
-1
-1
-1
-1
-1
-1
-1
-1
-1
-1
-1
-1
-1
-1
-1
-1
-1
-1
-1
-1
-1
-1
-1
-1
-1
-1
-1
-1
-1
-1
-1
-1
-1
-1
-1
-1
-1
-1
-1
-1
-1
-1
-1
-1
-1
-1
-1
-1
-1
-1
-1
-1
-1
-1
-1
-1
-1
-1
-1
-1
-1
-1
-1
-1
-1
-1
-1
-1
-1
-1
-1
-1
-1
-1
-1
-1
-1
-1
-1
-1
-1
-1
-1
-1
-1
-1
-1
-1
-1
-1
-1
-1
-1
-1
-1
-1
-1
-1
-1
-1
-1
-1
-1
-1
-1
-1
-1
-1
-1
-1
-1
-1
-1
-1
-1
-1
-1
-1
-1
-1
-1
-1
-1
-1
-1
-1
-1
-1
-1
-1
-1
-1
-1
-1
-1
-1
-1
-1
-1
-1
-1
-1
-1
-1
-1
-1
-1
-1
-1
-1
-1
-1
-1
-1
-1
-1
-1
-1
-1
-1
-1
-1
-1
-1
-1
-1
-1
-1
-1
-1
-1
-1
-1
-1
-1
-1
-1
-1
-1
-1
-1
-1
-1
-1
-1
-1
-1
-1
-1
-1
-1
-1
-1
-1
-1
-1
-1
-1
-1
-1
-1
-1
-1
-1
-1
-1
-1
-1
-1
-1
-1
-1
-1
-1
-1
-1
-1
-1
-1
-1
-1
-1
-1
-1
-1
-1
-1
-1
-1
-1
-1
-1
-1
-1
-1
-1
-1
-1
-1
-1
-1
-1
-1
-1
-1
-1
-1
-1
-1
-1
-1
-1
-1
-1
-1
-1
-1
-1
-1
-1
-1
-1
-1
-1
-1
-1
-1
-1
-1
-1
-1
-1
-1
-1
-1
-1
-1
-1
-1
-1
-1
-1
-1
-1
-1
-1
-1
-1
-1
-1
-1
-1
-1
-1
-1
-1
-1
-1
-1
-1
-1
-1
-1
-1
-1
-1
-1
-1
-1
-1
-1
-1
-1
-1
-1
-1
-1
-1
-1
-1
-1
-1
-1
-1
-1
-1
-1
-1
-1
-1
-1
-1
-1
-1
-1
-1
-1
-1
-1
-1
-1
-1
-1
-1
-1
-1
-1
-1
-1
-1
-1
-1
-1
-1
-1
-1
-1
-1
-1
-1
-1
-1
-1
-1
-1
-1
-1
-1
-1
-1
-1
-1
-1
-1
-1
-1
-1
-1
-1
-1
-1
-1
-1
-1
-1
-1
-1
-1
-1
-1
-1
-1
-1
-1
-1
-1
-1
-1
-1
-1
-1
-1
-1
-1
-1
-1
-1
-1
-1
-1
-1
-1
-1
-1
-1
-1
-1
-1
-1
-1
-1
-1
-1
-1
-1
-1
-1
-1
-1
-1
-1
-1
-1
-1
-1
-1
-1
-1
-1
-1
-1
-1
-1
-1
-1
-1
-1
-1
-1
-1
-1
-1
-1
-1
-1
-1
-1
-1
-1
-1
-1
-1
-1
-1
-1
-1
-1
-1
-1
-1
-1
-1
-1
-1
-1
-1
-1
-1
-1
-1
-1
-1
-1
-1
-1
-1
-1
-1
-1
-1
-1
-1
-1
-1
-1
-1
-1
-1
-1
-1
-1
-1
-1
-1
-1
-1
-1
-1
-1
-1
-1
-1
-1
-1
-1
-1
-1
-1
-1
-1
-1
-1
-1
-1
-1
-1
-1
-1
-1
-1
-1
-1
-1
-1
-1
-1
-1
-1
-1
-1
-1
-1
-1
-1
-1
-1
-1
-1
-1
-1
-1
-1
-1
-1
-1
-1
-1
-1
-1
-1
-1
-1
-1
-1
-1
-1
-1
-1
-1
-1
-1
-1
-1
-1
-1
-1
-1
-1
-1
-1
-1
-1
-1
-1
-1
-1
-1
-1
-1
-1
-1
-1
-1
-1
-1
-1
-1
-1
-1
-1
-1
-1
-1
-1
-1
-1
-1
-1
-1
-1
-1
-1
-1
-1
-1
-1
-1
-1
-1
-1
-1
-1
-1
-1
-1
-1
-1
-1
-1
-1
-1
-1
-1
-1
-1
-1
-1
-1
-1
-1
-1
-1
-1
-1
-1
-1
-1
-1
-1
-1
-1
-1
-1
-1
-1
-1
-1
-1
-1
-1
-1
-1
-1
-1
-1
-1
-1
-1
-1
-1
-1
-1
-1
-1
-1
-1
-1
-1
-1
-1
-1
-1
-1
-1
-1
-1
-1
-1
-1
-1
-1
-1
-1
-1
-1
-1
-1
-1
-1
-1
-1
-1
-1
-1
-1
-1
-1
-1
-1
-1
-1
-1
-1
-1
-1
-1
-1
-1
-1
-1
-1
-1
-1
-1
-1
-1
-1
-1
-1
-1
-1
-1
-1
-1
-1
-1
-1
-1
-1
-1
-1
-1
-1
-1
-1
-1
-1
-1
-1
-1
-1
-1
-1
-1
-1
-1
-1
-1
-1
-1
-1
-1
-1
-1
-1
-1
-1
-1
-1
-1
-1
-1
-1
-1
-1
-1
-1
-1
-1
-1
-1
-1
-1
-1
-1
-1
-1
-1
-1
-1
-1
-1
-1
-1
-1
-1
-1
-1
-1
-1
-1
-1
-1
-1
-1
-1
-1
-1
-1
-1
-1
-1
-1
-1
-1
-1
-1
-1
-1
-1
-1
-1
-1
-1
-1
-1
-1
-1
-1
-1
-1
-1
-1
-1
-1
-1
-1
-1
-1
-1
-1
-1
-1
-1
-1
-1
-1
-1
-1
-1
-1
-1
-1
-1
-1
-1
-1
-1
-1
-1
-1
-1
-1
-1
-1
-1
-1
-1
-1
-1
-1
-1
-1
-1
-1
-1
-1
-1
-1
-1
-1
-1
-1
-1
-1
-1
-1
-1
-1
-1
-1
-1
-1
-1
-1
-1
-1
-1
-1
-1
-1
-1
-1
-1
-1
-1
-1
-1
-1
-1
-1
-1
-1
-1
-1
-1
-1
-1
-1
-1
-1
-1
-1
-1
-1
-1
-1
-1
-1
-1
-1
-1
-1
-1
-1
-1
-1
-1
-1
-1
-1
-1
-1
-1
-1
-1
-1
-1
-1
-1
-1
-1
-1
-1
-1
-1
-1
-1
-1
-1
-1
-1
-1
-1
-1
-1
-1
-1
-1
-1
-1
-1
-1
-1
-1
-1
-1
-1
-1
-1
-1
-1
-1
-1
-1
-1
-1
-1
-1
-1
-1
-1
-1
-1
-1
-1
-1
-1
-1
-1
-1
-1
-1
-1
-1
-1
-1
-1
-1
-1
-1
-1
-1
-1
-1
-1
-1
-1
-1
-1
-1
-1
-1
-1
-1
-1
-1
-1
-1
-1
-1
-1
-1
-1
-1
-1
-1
-1
-1
-1
-1
-1
-1
-1
-1
-1
-1
-1
-1
-1
-1
-1
-1
-1
-1
-1
-1
-1
-1
-1
-1
-1
-1
-1
-1
-1
-1
-1
-1
-1
-1
-1
-1
-1
-1
-1
-1
-1
-1
-1
-1
-1
-1
-1
-1
-1
-1
-1
-1
-1
-1
-1
-1
-1
-1
-1
-1
-1
-1
-1
-1
-1
-1
-1
-1
-1
-1
-1
-1
-1
-1
-1
-1
-1
-1
-1
-1
-1
-1
-1
-1
-1
-1
-1
-1
-1
-1
-1
-1
-1
-1
-1
-1
-1
-1
-1
-1
-1
-1
-1
-1
-1
-1
-1
-1
-1
-1
-1
-1
-1
-1
-1
-1
-1
-1
-1
-1
-1
-1
-1
-1
-1
-1
-1
-1
-1
-1
-1
-1
-1
-1
-1
-1
-1
-1
-1
-1
-1
-1
-1
-1
-1
-1
-1
-1
-1
-1
-1
-1
-1
-1
-1
-1
-1
-1
-1
-1
-1
-1
-1
-1
-1
-1
-1
-1
-1
-1
-1
-1
-1
-1
-1
-1
-1
-1
-1
-1
-1
-1
-1
-1
-1
-1
-1
-1
-1
-1
-1
-1
-1
-1
-1
-1
-1
-1
-1
-1
-1
-1
-1
-1
-1
-1
-1
-1
-1
-1
-1
-1
-1
-1
-1
-1
-1
-1
-1
-1
-1
-1
-1
-1
-1
-1
-1
-1
-1
-1
-1
-1
-1
-1
-1
-1
-1
-1
-1
-1
-1
-1
-1
-1
-1
-1
-1
-1
-1
-1
-1
-1
-1
-1
-1
-1
-1
-1
-1
-1
-1
-1
-1
-1
-1
-1
-1
-1
-1
-1
-1
-1
-1
-1
-1
-1
-1
-1
-1
-1
-1
-1
-1
-1
-1
-1
-1
-1
-1
-1
-1
-1
-1
-1
-1
-1
-1
-1
-1
-1
-1
-1
-1
-1
-1
-1
-1
-1
-1
-1
-1
-1
-1
-1
-1
-1
-1
-1
-1
-1
-1
-1
-1
-1
-1
-1
-1
-1
-1
-1
-1
-1
-1
-1
-1
-1
-1
-1
-1
-1
-1
-1
-1
-1
-1
-1
-1
-1
-1
-1
-1
-1
-1
-1
-1
-1
-1
-1
-1
-1
-1
-1
-1
-1
-1
-1
-1
-1
-1
-1
-1
-1
-1
-1
-1
-1
-1
-1
-1
-1
-1
-1
-1
-1
-1
-1
-1
-1
-1
-1
-1
-1
-1
-1
-1
-1
-1
-1
-1
-1
-1
-1
-1
-1
-1
-1
-1
-1
-1
-1
-1
-1
-1
-1
-1
-1
-1
-1
-1
-1
-1
-1
-1
-1
-1
-1
-1
-1
-1
-1
-1
-1
-1
-1
-1
-1
-1
-1
-1
-1
-1
-1
-1
-1
-1
-1
-1
-1
-1
-1
-1
-1
-1
-1
-1
-1
-1
-1
-1
-1
-1
-1
-1
-1
-1
-1
-1
-1
-1
-1
-1
-1
-1
-1
-1
-1
-1
-1
-1
-1
-1
-1
-1
-1
-1
-1
-1
-1
-1
-1
-1
-1
-1
-1
-1
-1
-1
-1
-1
-1
-1
-1
-1
-1
-1
-1
-1
-1
-1
-1
-1
-1
-1
-1
-1
-1
-1
-1
-1
-1
-1
-1
-1
-1
-1
-1
-1
-1
-1
-1
-1
-1
-1
-1
-1
-1
-1
-1
-1
-1
-1
-1
-1
-1
-1
-1
-1
-1
-1
-1
-1
-1
-1
-1
-1
-1
-1
-1
-1
-1
-1
-1
-1
-1
-1
-1
-1
-1
-1
-1
-1
-1
-1
-1
-1
-1
-1
-1
-1
-1
-1
-1
-1
-1
-1
-1
-1
-1
-1
-1
-1
-1
-1
-1
-1
-1
-1
-1
-1
-1
-1
-1
-1
-1
-1
-1
-1
-1
-1
-1
-1
-1
-1
-1
-1
-1
-1
-1
-1
-1
-1
-1
-1
-1
-1
-1
-1
-1
-1
-1
-1
-1
-1
-1
-1
-1
-1
-1
-1
-1
-1
-1
-1
-1
-1
-1
-1
-1
-1
-1
-1
-1
-1
-1
-1
-1
-1
-1
-1
-1
-1
-1
-1
-1
-1
-1
-1
-1
-1
-1
-1
-1
-1
-1
-1
-1
-1
-1
-1
-1
-1
-1
-1
-1
-1
-1
-1
-1
-1
-1
-1
-1
-1
-1
-1
-1
-1
-1
-1
-1
-1
-1
-1
-1
-1
-1
-1
-1
-1
-1
-1
-1
-1
-1
-1
-1
-1
-1
-1
-1
-1
-1
-1
-1
-1
-1
-1
-1
-1
-1
-1
-1
-1
-1
-1
-1
-1
-1
-1
-1
-1
-1
-1
-1
-1
-1
-1
-1
-1
-1
-1
-1
-1
-1
-1
-1
-1
-1
-1
-1
-1
-1
-1
-1
-1
-1
-1
-1
-1
-1
-1
-1
-1
-1
-1
-1
-1
-1
-1
-1
-1
-1
-1
-1
-1
-1
-1
-1
-1
-1
-1
-1
-1
-1
-1
-1
-1
-1
-1
-1
-1
-1
-1
-1
-1
-1
-1
-1
-1
-1
-1
-1
-1
-1
-1
-1
-1
-1
-1
-1
-1
-1
-1
-1
-1
-1
-1
-1
-1
-1
-1
-1
-1
-1
-1
-1
-1
-1
-1
-1
-1
-1
-1
-1
-1
-1
-1
-1
-1
-1
-1
-1
-1
-1
-1
-1
-1
-1
-1
-1
-1
-1
-1
-1
-1
-1
-1
-1
-1
-1
-1
-1
-1
-1
-1
-1
-1
-1
-1
-1
-1
-1
-1
-1
-1
-1
-1
-1
-1
-1
-1
-1
-1
-1
-1
-1
-1
-1
-1
-1
-1
-1
-1
-1
-1
-1
-1
-1
-1
-1
-1
-1
-1
-1
-1
-1
-1
-1
-1
-1
-1
-1
-1
-1
-1
-1
-1
-1
-1
-1
-1
-1
-1
-1
-1
-1
-1
-1
-1
-1
-1
-1
-1
-1
-1
-1
-1
-1
-1
-1
-1
-1
-1
-1
-1
-1
-1
-1
-1
-1
-1
-1
-1
-1
-1
-1
-1
-1
-1
-1
-1
-1
-1
-1
-1
-1
-1
-1
-1
-1
-1
-1
-1
-1
-1
-1
-1
-1
-1
-1
-1
-1
-1
-1
-1
-1
-1
-1
-1
-1
-1
-1
-1
-1
-1
-1
-1
-1
-1
-1
-1
-1
-1
-1
-1
-1
-1
-1
-1
-1
-1
-1
-1
-1
-1
-1
-1
-1
-1
-1
-1
-1
-1
-1
-1
-1
-1
-1
-1
-1
-1
-1
-1
-1
-1
-1
-1
-1
-1
-1
-1
-1
-1
-1
-1
-1
-1
-1
-1
-1
-1
-1
-1
-1
-1
-1
-1
-1
-1
-1
-1
-1
-1
-1
-1
-1
-1
-1
-1
-1
-1
-1
-1
-1
-1
-1
-1
-1
-1
-1
-1
-1
-1
-1
-1
-1
-1
-1
-1
-1
-1
-1
-1
-1
-1
-1
-1
-1
-1
-1
-1
-1
-1
-1
-1
-1
-1
-1
-1
-1
-1
-1
-1
-1
-1
-1
-1
-1
-1
-1
-1
-1
-1
-1
-1
-1
-1
-1
-1
-1
-1
-1
-1
-1
-1
-1
-1
-1
-1
-1
-1
-1
-1
-1
-1
-1
-1
-1
-1
-1
-1
-1
-1
-1
-1
-1
-1
-1
-1
-1
-1
-1
-1
-1
-1
-1
-1
-1
-1
-1
-1
-1
-1
-1
-1
-1
-1
-1
-1
-1
-1
-1
-1
-1
-1
-1
-1
-1
-1
-1
-1
-1
-1
-1
-1
-1
-1
-1
-1
-1
-1
-1
-1
-1
-1
-1
-1
-1
-1
-1
-1
-1
-1
-1
-1
-1
-1
-1
-1
-1
-1
-1
-1
-1
-1
-1
-1
-1
-1
-1
-1
-1
-1
-1
-1
-1
-1
-1
-1
-1
-1
-1
-1
-1
-1
-1
-1
-1
-1
-1
-1
-1
-1
-1
-1
-1
-1
-1
-1
-1
-1
-1
-1
-1
-1
-1
-1
-1
-1
-1
-1
-1
-1
-1
-1
-1
-1
-1
-1
-1
-1
-1
-1
-1
-1
-1
-1
-1
-1
-1
-1
-1
-1
-1
-1
-1
-1
-1
-1
-1
-1
-1
-1
-1
-1
-1
-1
-1
-1
-1
-1
-1
-1
-1
-1
-1
-1
-1
-1
-1
-1
-1
-1
-1
-1
-1
-1
-1
-1
-1
-1
-1
-1
-1
-1
-1
-1
-1
-1
-1
-1
-1
-1
-1
-1
-1
-1
-1
-1
-1
-1
-1
-1
-1
-1
-1
-1
-1
-1
-1
-1
-1
-1
-1
-1
-1
-1
-1
-1
-1
-1
-1
-1
-1
-1
-1
-1
-1
-1
-1
-1
-1
-1
-1
-1
-1
-1
-1
-1
-1
-1
-1
-1
-1
-1
-1
-1
-1
-1
-1
-1
-1
-1
-1
-1
-1
-1
-1
-1
-1
-1
-1
-1
-1
-1
-1
-1
-1
-1
-1
-1
-1
-1
-1
-1
-1
-1
-1
-1
-1
-1
-1
-1
-1
-1
-1
-1
-1
-1
-1
-1
-1
-1
-1
-1
-1
-1
-1
-1
-1
-1
-1
-1
-1
-1
-1
-1
-1
-1
-1
-1
-1
-1
-1
-1
-1
-1
-1
-1
-1
-1
-1
-1
-1
-1
-1
-1
-1
-1
-1
-1
-1
-1
-1
-1
-1
-1
-1
-1
-1
-1
-1
-1
-1
-1
-1
-1
-1
-1
-1
-1
-1
-1
-1
-1
-1
-1
-1
-1
-1
-1
-1
-1
-1
-1
-1
-1
-1
-1
-1
-1
-1
-1
-1
-1
-1
-1
-1
-1
-1
-1
-1
-1
-1
-1
-1
-1
-1
-1
-1
-1
-1
-1
-1
-1
-1
-1
-1
-1
-1
-1
-1
-1
-1
-1
-1
-1
-1
-1
-1
-1
-1
-1
-1
-1
-1
-1
-1
-1
-1
-1
-1
-1
-1
-1
-1
-1
-1
-1
-1
-1
-1
-1
-1
-1
-1
-1
-1
-1
-1
-1
-1
-1
-1
-1
-1
-1
-1
-1
-1
-1
-1
-1
-1
-1
-1
-1
-1
-1
-1
-1
-1
-1
-1
-1
-1
-1
-1
-1
-1
-1
-1
-1
-1
-1
-1
-1
-1
-1
-1
-1
-1
-1
-1
-1
-1
-1
-1
-1
-1
-1
-1
-1
-1
-1
-1
-1
-1
-1
-1
-1
-1
-1
-1
-1
-1
-1
-1
-1
-1
-1
-1
-1
-1
-1
-1
-1
-1
-1
-1
-1
-1
-1
-1
-1
-1
-1
-1
-1
-1
-1
-1
-1
-1
-1
-1
-1
-1
-1
-1
-1
-1
-1
-1
-1
-1
-1
-1
-1
-1
-1
-1
-1
-1
-1
-1
-1
-1
-1
-1
-1
-1
-1
-1
-1
-1
-1
-1
-1
-1
-1
-1
-1
-1
-1
-1
-1
-1
-1
-1
-1
-1
-1
-1
-1
-1
-1
-1
-1
-1
-1
-1
-1
-1
-1
-1
-1
-1
-1
-1
-1
-1
-1
-1
-1
-1
-1
-1
-1
-1
-1
-1
-1
-1
-1
-1
-1
-1
-1
-1
-1
-1
-1
-1
-1
-1
-1
-1
-1
-1
-1
-1
-1
-1
-1
-1
-1
-1
-1
-1
-1
-1
-1
-1
-1
-1
-1
-1
-1
-1
-1
-1
-1
-1
-1
-1
-1
-1
-1
-1
-1
-1
-1
-1
-1
-1
-1
-1
-1
-1
-1
-1
-1
-1
-1
-1
-1
-1
-1
-1
-1
-1
-1
-1
-1
-1
-1
-1
-1
-1
-1
-1
-1
-1
-1
-1
-1
-1
-1
-1
-1
-1
-1
-1
-1
-1
-1
-1
-1
-1
-1
-1
-1
-1
-1
-1
-1
-1
-1
-1
-1
-1
-1
-1
-1
-1
-1
-1
-1
-1
-1
-1
-1
-1
-1
-1
-1
-1
-1
-1
-1
-1
-1
-1
-1
-1
-1
-1
-1
-1
-1
-1
-1
-1
-1
-1
-1
-1
-1
-1
-1
-1
-1
-1
-1
-1
-1
-1
-1
-1
-1
-1
-1
-1
-1
-1
-1
-1
-1
-1
-1
-1
-1
-1
-1
-1
-1
-1
-1
-1
-1
-1
-1
-1
-1
-1
-1
-1
-1
-1
-1
-1
-1
-1
-1
-1
-1
-1
-1
-1
-1
-1
-1
-1
-1
-1
-1
-1
-1
-1
-1
-1
-1
-1
-1
-1
-1
-1
-1
-1
-1
-1
-1
-1
-1
-1
-1
-1
-1
-1
-1
-1
-1
-1
-1
-1
-1
-1
-1
-1
-1
-1
-1
-1
-1
-1
-1
-1
-1
-1
-1
-1
-1
-1
-1
-1
-1
-1
-1
-1
-1
-1
-1
-1
-1
-1
-1
-1
-1
-1
-1
-1
-1
-1
-1
-1
-1
-1
-1
-1
-1
-1
-1
-1
-1
-1
-1
-1
-1
-1
-1
-1
-1
-1
-1
-1
-1
-1
-1
-1
-1
-1
-1
-1
-1
-1
-1
-1
-1
-1
-1
-1
-1
-1
-1
-1
-1
-1
-1
-1
-1
-1
-1
-1
-1
-1
-1
-1
-1
-1
-1
-1
-1
-1
-1
-1
-1
-1
-1
-1
-1
-1
-1
-1
-1
-1
-1
-1
-1
-1
-1
-1
-1
-1
-1
-1
-1
-1
-1
-1
-1
-1
-1
-1
-1
-1
-1
-1
-1
-1
-1
-1
-1
-1
-1
-1
-1
-1
-1
-1
-1
-1
-1
-1
-1
-1
-1
-1
-1
-1
-1
-1
-1
-1
-1
-1
-1
-1
-1
-1
-1
-1
-1
-1
-1
-1
-1
-1
-1
-1
-1
-1
-1
-1
-1
-1
-1
-1
-1
-1
-1
-1
-1
-1
-1
-1
-1
-1
-1
-1
-1
-1
-1
-1
-1
-1
-1
-1
-1
-1
-1
-1
-1
-1
-1
-1
-1
-1
-1
-1
-1
-1
-1
-1
-1
-1
-1
-1
-1
-1
-1
-1
-1
-1
-1
-1
-1
-1
-1
-1
-1
-1
-1
-1
-1
-1
-1
-1
-1
-1
-1
-1
-1
-1
-1
-1
-1
-1
-1
-1
-1
-1
-1
-1
-1
-1
-1
-1
-1
-1
-1
-1
-1
-1
-1
-1
-1
-1
-1
-1
-1
-1
-1
-1
-1
-1
-1
-1
-1
-1
-1
-1
-1
-1
-1
-1
-1
-1
-1
-1
-1
-1
-1
-1
-1
-1
-1
-1
-1
-1
-1
-1
-1
-1
-1
-1
-1
-1
-1
-1
-1
-1
-1
-1
-1
-1
-1
-1
-1
-1
-1
-1
-1
-1
-1
-1
-1
-1
-1
-1
-1
-1
-1
-1
-1
-1
-1
-1
-1
-1
-1
-1
-1
-1
-1
-1
-1
-1
-1
-1
-1
-1
-1
-1
-1
-1
-1
-1
-1
-1
-1
-1
-1
-1
-1
-1
-1
-1
-1
-1
-1
-1
-1
-1
-1
-1
-1
-1
-1
-1
-1
-1
-1
-1
-1
-1
-1
-1
-1
-1
-1
-1
-1
-1
-1
-1
-1
-1
-1
-1
-1
-1
-1
-1
-1
-1
-1
-1
-1
-1
-1
-1
-1
-1
-1
-1
-1
-1
-1
-1
-1
-1
-1
-1
-1
-1
-1
-1
-1
-1
-1
-1
-1
-1
-1
-1
-1
-1
-1
-1
-1
-1
-1
-1
-1
-1
-1
-1
-1
-1
-1
-1
-1
-1
-1
-1
-1
-1
-1
-1
-1
-1
-1
-1
-1
-1
-1
-1
-1
-1
-1
-1
-1
-1
-1
-1
-1
-1
-1
-1
-1
-1
-1
-1
-1
-1
-1
-1
-1
-1
-1
-1
-1
-1
-1
-1
-1
-1
-1
-1
-1
-1
-1
-1
-1
-1
-1
-1
-1
-1
-1
-1
-1
-1
-1
-1
-1
-1
-1
-1
-1
-1
-1
-1
-1
-1
-1
-1
-1
-1
-1
-1
-1
-1
-1
-1
-1
-1
-1
-1
-1
-1
-1
-1
-1
-1
-1
-1
-1
-1
-1
-1
-1
-1
-1
-1
-1
-1
-1
-1
-1
-1
-1
-1
-1
-1
-1
-1
-1
-1
-1
-1
-1
-1
-1
-1
-1
-1
-1
-1
-1
-1
-1
-1
-1
-1
-1
-1
-1
-1
-1
-1
-1
-1
-1
-1
-1
-1
-1
-1
-1
-1
-1
-1
-1
-1
-1
-1
-1
-1
-1
-1
-1
-1
-1
-1
-1
-1
-1
-1
-1
-1
-1
-1
-1
-1
-1
-1
-1
-1
-1
-1
-1
-1
-1
-1
-1
-1
-1
-1
-1
-1
-1
-1
-1
-1
-1
-1
-1
-1
-1
-1
-1
-1
-1
-1
-1
-1
-1
-1
-1
-1
-1
-1
-1
-1
-1
-1
-1
-1
-1
-1
-1
-1
-1
-1
-1
-1
-1
-1
-1
-1
-1
-1
-1
-1
-1
-1
-1
-1
-1
-1
-1
-1
-1
-1
-1
-1
-1
-1
-1
-1
-1
-1
-1
-1
-1
-1
-1
-1
-1
-1
-1
-1
-1
-1
-1
-1
-1
-1
-1
-1
-1
-1
-1
-1
-1
-1
-1
-1
-1
-1
-1
-1
-1
-1
-1
-1
-1
-1
-1
-1
-1
-1
-1
-1
-1
-1
-1
-1
-1
-1
-1
-1
-1
-1
-1
-1
-1
-1
-1
-1
-1
-1
-1
-1
-1
-1
-1
-1
-1
-1
-1
-1
-1
-1
-1
-1
-1
-1
-1
-1
-1
-1
-1
-1
-1
-1
-1
-1
-1
-1
-1
-1
-1
-1
-1
-1
-1
-1
-1
-1
-1
-1
-1
-1
-1
-1
-1
-1
-1
-1
-1
-1
-1
-1
-1
-1
-1
-1
-1
-1
-1
-1
-1
-1
-1
-1
-1
-1
-1
-1
-1
-1
-1
-1
-1
-1
-1
-1
-1
-1
-1
-1
-1
-1
-1
-1
-1
-1
-1
-1
-1
-1
-1
-1
-1
-1
-1
-1
-1
-1
-1
-1
-1
-1
-1
-1
-1
-1
-1
-1
-1
-1
-1
-1
-1
-1
-1
-1
-1
-1
-1
-1
-1
-1
-1
-1
-1
-1
-1
-1
-1
-1
-1
-1
-1
-1
-1
-1
-1
-1
-1
-1
-1
-1
-1
-1
-1
-1
-1
-1
-1
-1
-1
-1
-1
-1
-1
-1
-1
-1
-1
-1
-1
-1
-1
-1
-1
-1
-1
-1
-1
-1
-1
-1
-1
-1
-1
-1
-1
-1
-1
-1
-1
-1
-1
-1
-1
-1
-1
-1
-1
-1
-1
-1
-1
-1
-1
-1
-1
-1
-1
-1
-1
-1
-1
-1
-1
-1
-1
-1
-1
-1
-1
-1
-1
-1
-1
-1
-1
-1
-1
-1
-1
-1
-1
-1
-1
-1
-1
-1
-1
-1
-1
-1
-1
-1
-1
-1
-1
-1
-1
-1
-1
-1
-1
-1
-1
-1
-1
-1
-1
-1
-1
-1
-1
-1
-1
-1
-1
-1
-1
-1
-1
-1
-1
-1
-1
-1
-1
-1
-1
-1
-1
-1
-1
-1
-1
-1
-1
-1
-1
-1
-1
-1
-1
-1
-1
-1
-1
-1
-1
-1
-1
-1
-1
-1
-1
-1
-1
-1
-1
-1
-1
-1
-1
-1
-1
-1
-1
-1
-1
-1
-1
-1
-1
-1
-1
-1
-1
-1
-1
-1
-1
-1
-1
-1
-1
-1
-1
-1
-1
-1
-1
-1
-1
-1
-1
-1
-1
-1
-1
-1
-1
-1
-1
-1
-1
-1
-1
-1
-1
-1
-1
-1
-1
-1
-1
-1
-1
-1
-1
-1
-1
-1
-1
-1
-1
-1
-1
-1
-1
-1
-1
-1
-1
-1
-1
-1
-1
-1
-1
-1
-1
-1
-1
-1
-1
-1
-1
-1
-1
-1
-1
-1
-1
-1
-1
-1
-1
-1
-1
-1
-1
-1
-1
-1
-1
-1
-1
-1
-1
-1
-1
-1
-1
-1
-1
-1
-1
-1
-1
-1
-1
-1
-1
-1
-1
-1
-1
-1
-1
-1
-1
-1
-1
-1
-1
-1
-1
-1
-1
-1
-1
-1
-1
-1
-1
-1
-1
-1
-1
-1
-1
-1
-1
-1
-1
-1
-1
-1
-1
-1
-1
-1
-1
-1
-1
-1
-1
-1
-1
-1
-1
-1
-1
-1
-1
-1
-1
-1
-1
-1
-1
-1
-1
-1
-1
-1
-1
-1
-1
-1
-1
-1
-1
-1
-1
-1
-1
-1
-1
-1
-1
-1
-1
-1
-1
-1
-1
-1
-1
-1
-1
-1
-1
-1
-1
-1
-1
-1
-1
-1
-1
-1
-1
-1
-1
-1
-1
-1
-1
-1
-1
-1
-1
-1
-1
-1
-1
-1
-1
-1
-1
-1
-1
-1
-1
-1
-1
-1
-1
-1
-1
-1
-1
-1
-1
-1
-1
-1
-1
-1
-1
-1
-1
-1
-1
-1
-1
-1
-1
-1
-1
-1
-1
-1
-1
-1
-1
-1
-1
-1
-1
-1
-1
-1
-1
-1
-1
-1
-1
-1
-1
-1
-1
-1
-1
-1
-1
-1
-1
-1
-1
-1
-1
-1
-1
-1
-1
-1
-1
-1
-1
-1
-1
-1
-1
-1
-1
-1
-1
-1
-1
-1
-1
-1
-1
-1
-1
-1
-1
-1
-1
-1
-1
-1
-1
-1
-1
-1
-1
-1
-1
-1
-1
-1
-1
-1
-1
-1
-1
-1
-1
-1
-1
-1
-1
-1
-1
-1
-1
-1
-1
-1
-1
-1
-1
-1
-1
-1
-1
-1
-1
-1
-1
-1
-1
-1
-1
-1
-1
-1
-1
-1
-1
-1
-1
-1
-1
-1
-1
-1
-1
-1
-1
-1
-1
-1
-1
-1
-1
-1
-1
-1
-1
-1
-1
-1
-1
-1
-1
-1
-1
-1
-1
-1
-1
-1
-1
-1
-1
-1
-1
-1
-1
-1
-1
-1
-1
-1
-1
-1
-1
-1
-1
-1
-1
-1
-1
-1
-1
-1
-1
-1
-1
-1
-1
-1
-1
-1
-1
-1
-1
-1
-1
-1
-1
-1
-1
-1
-1
-1
-1
-1
-1
-1
-1
-1
-1
-1
-1
-1
-1
-1
-1
-1
-1
-1
-1
-1
-1
-1
-1
-1
-1
-1
-1
-1
-1
-1
-1
-1
-1
-1
-1
-1
-1
-1
-1
-1
-1
-1
-1
-1
-1
-1
-1
-1
-1
-1
-1
-1
-1
-1
-1
-1
-1
-1
-1
-1
-1
-1
-1
-1
-1
-1
-1
-1
-1
-1
-1
-1
-1
-1
-1
-1
-1
-1
-1
-1
-1
-1
-1
-1
-1
-1
-1
-1
-1
-1
-1
-1
-1
-1
-1
-1
-1
-1
-1
-1
-1
-1
-1
-1
-1
-1
-1
-1
-1
-1
-1
-1
-1
-1
-1
-1
-1
-1
-1
-1
-1
-1
-1
-1
-1
-1
-1
-1
-1
-1
-1
-1
-1
-1
-1
-1
-1
-1
-1
-1
-1
-1
-1
-1
-1
-1
-1
-1
-1
-1
-1
-1
-1
-1
-1
-1
-1
-1
-1
-1
-1
-1
-1
-1
-1
-1
-1
-1
-1
-1
-1
-1
-1
-1
-1
-1
-1
-1
-1
-1
-1
-1
-1
-1
-1
-1
-1
-1
-1
-1
-1
-1
-1
-1
-1
-1
-1
-1
-1
-1
-1
-1
-1
-1
-1
-1
-1
-1
-1
-1
-1
-1
-1
-1
-1
-1
-1
-1
-1
-1
-1
-1
-1
-1
-1
-1
-1
-1
-1
-1
-1
-1
-1
-1
-1
-1
-1
-1
-1
-1
-1
-1
-1
-1
-1
-1
-1
-1
-1
-1
-1
-1
-1
-1
-1
-1
-1
-1
-1
-1
-1
-1
-1
-1
-1
-1
-1
-1
-1
-1
-1
-1
-1
-1
-1
-1
-1
-1
-1
-1
-1
-1
-1
-1
-1
-1
-1
-1
-1
-1
-1
-1
-1
-1
-1
-1
-1
-1
-1
-1
-1
-1
-1
-1
-1
-1
-1
-1
-1
-1
-1
-1
-1
-1
-1
-1
-1
-1
-1
-1
-1
-1
-1
-1
-1
-1
-1
-1
-1
-1
-1
-1
-1
-1
-1
-1
-1
-1
-1
-1
-1
-1
-1
-1
-1
-1
-1
-1
-1
-1
-1
-1
-1
-1
-1
-1
-1
-1
-1
-1
-1
-1
-1
-1
-1
-1
-1
-1
-1
-1
-1
-1
-1
-1
-1
-1
-1
-1
-1
-1
-1
-1
-1
-1
-1
-1
-1
-1
-1
-1
-1
-1
-1
-1
-1
-1
-1
-1
-1
-1
-1
-1
-1
-1
-1
-1
-1
-1
-1
-1
-1
-1
-1
-1
-1
-1
-1
-1
-1
-1
-1
-1
-1
-1
-1
-1
-1
-1
-1
-1
-1
-1
-1
-1
-1
-1
-1
-1
-1
-1
-1
-1
-1
-1
-1
-1
-1
-1
-1
-1
-1
-1
-1
-1
-1
-1
-1
-1
-1
-1
-1
-1
-1
-1
-1
-1
-1
-1
-1
-1
-1
-1
-1
-1
-1
-1
-1
-1
-1
-1
-1
-1
-1
-1
-1
-1
-1
-1
-1
-1
-1
-1
-1
-1
-1
-1
-1
-1
-1
-1
-1
-1
-1
-1
-1
-1
-1
-1
-1
-1
-1
-1
-1
-1
-1
-1
-1
-1
-1
-1
-1
-1
-1
-1
-1
-1
-1
-1
-1
-1
-1
-1
-1
-1
-1
-1
-1
-1
-1
-1
-1
-1
-1
-1
-1
-1
-1
-1
-1
-1
-1
-1
-1
-1
-1
-1
-1
-1
-1
-1
-1
-1
-1
-1
-1
-1
-1
-1
-1
-1
-1
-1
-1
-1
-1
-1
-1
-1
-1
-1
-1
-1
-1
-1
-1
-1
-1
-1
-1
-1
-1
-1
-1
-1
-1
-1
-1
-1
-1
-1
-1
-1
-1
-1
-1
-1
-1
-1
-1
-1
-1
-1
-1
-1
-1
-1
-1
-1
-1
-1
-1
-1
-1
-1
-1
-1
-1
-1
-1
-1
-1
-1
-1
-1
-1
-1
-1
-1
-1
-1
-1
-1
-1
-1
-1
-1
-1
-1
-1
-1
-1
-1
-1
-1
-1
-1
-1
-1
-1
-1
-1
-1
-1
-1
-1
-1
-1
-1
-1
-1
-1
-1
-1
-1
-1
-1
-1
-1
-1
-1
-1
-1
-1
-1
-1
-1
-1
-1
-1
-1
-1
-1
-1
-1
-1
-1
-1
-1
-1
-1
-1
-1
-1
-1
-1
-1
-1
-1
-1
-1
-1
-1
-1
-1
-1
-1
-1
-1
-1
-1
-1
-1
-1
-1
-1
-1
-1
-1
-1
-1
-1
-1
-1
-1
-1
-1
-1
-1
-1
-1
-1
-1
-1
-1
-1
-1
-1
-1
-1
-1
-1
-1
-1
-1
-1
-1
-1
-1
-1
-1
-1
-1
-1
-1
-1
-1
-1
-1
-1
-1
-1
-1
-1
-1
-1
-1
-1
-1
-1
-1
-1
-1
-1
-1
-1
-1
-1
-1
-1
-1
-1
-1
-1
-1
-1
-1
-1
-1
-1
-1
-1
-1
-1
-1
-1
-1
-1
-1
-1
-1
-1
-1
-1
-1
-1
-1
-1
-1
-1
-1
-1
-1
-1
-1
-1
-1
-1
-1
-1
-1
-1
-1
-1
-1
-1
-1
-1
-1
-1
-1
-1
-1
-1
-1
-1
-1
-1
-1
-1
-1
-1
-1
-1
-1
-1
-1
-1
-1
-1
-1
-1
-1
-1
-1
-1
-1
-1
-1
-1
-1
-1
-1
-1
-1
-1
-1
-1
-1
-1
-1
-1
-1
-1
-1
-1
-1
-1
-1
-1
-1
-1
-1
-1
-1
-1
-1
-1
-1
-1
-1
-1
-1
-1
-1
-1
-1
-1
-1
-1
-1
-1
-1
-1
-1
-1
-1
-1
-1
-1
-1
-1
-1
-1
-1
-1
-1
-1
-1
-1
-1
-1
-1
-1
-1
-1
-1
-1
-1
-1
-1
-1
-1
-1
-1
-1
-1
-1
-1
-1
-1
-1
-1
-1
-1
-1
-1
-1
-1
-1
-1
-1
-1
-1
-1
-1
-1
-1
-1
-1
-1
-1
-1
-1
-1
-1
-1
-1
-1
-1
-1
-1
-1
-1
-1
-1
-1
-1
-1
-1
-1
-1
-1
-1
-1
-1
-1
-1
-1
-1
-1
-1
-1
-1
-1
-1
-1
-1
-1
-1
-1
-1
-1
-1
-1
-1
-1
-1
-1
-1
-1
-1
-1
-1
-1
-1
-1
-1
-1
-1
-1
-1
-1
-1
-1
-1
-1
-1
-1
-1
-1
-1
-1
-1
-1
-1
-1
-1
-1
-1
-1
-1
-1
-1
-1
-1
-1
-1
-1
-1
-1
-1
-1
-1
-1
-1
-1
-1
-1
-1
-1
-1
-1
-1
-1
-1
-1
-1
-1
-1
-1
-1
-1
-1
-1
-1
-1
-1
-1
-1
-1
-1
-1
-1
-1
-1
-1
-1
-1
-1
-1
-1
-1
-1
-1
-1
-1
-1
-1
-1
-1
-1
-1
-1
-1
-1
-1
-1
-1
-1
-1
-1
-1
-1
-1
-1
-1
-1
-1
-1
-1
-1
-1
-1
-1
-1
-1
-1
-1
-1
-1
-1
-1
-1
-1
-1
-1
-1
-1
-1
-1
-1
-1
-1
-1
-1
-1
-1
-1
-1
-1
-1
-1
-1
-1
-1
-1
-1
-1
-1
-1
-1
-1
-1
-1
-1
-1
-1
-1
-1
-1
-1
-1
-1
-1
-1
-1
-1
-1
-1
-1
-1
-1
-1
-1
-1
-1
-1
-1
-1
-1
-1
-1
-1
-1
-1
-1
-1
-1
-1
-1
-1
-1
-1
-1
-1
-1
-1
-1
-1
-1
-1
-1
-1
-1
-1
-1
-1
-1
-1
-1
-1
-1
-1
-1
-1
-1
-1
-1
-1
-1
-1
-1
-1
-1
-1
-1
-1
-1
-1
-1
-1
-1
-1
-1
-1
-1
-1
-1
-1
-1
-1
-1
-1
-1
-1
-1
-1
-1
-1
-1
-1
-1
-1
-1
-1
-1
-1
-1
-1
-1
-1
-1
-1
-1
-1
-1
-1
-1
-1
-1
-1
-1
-1
-1
-1
-1
-1
-1
-1
-1
-1
-1
-1
-1
-1
-1
-1
-1
-1
-1
-1
-1
-1
-1
-1
-1
-1
-1
-1
-1
-1
-1
-1
-1
-1
-1
-1
-1
-1
-1
-1
-1
-1
-1
-1
-1
-1
-1
-1
-1
-1
-1
-1
-1
-1
-1
-1
-1
-1
-1
-1
-1
-1
-1
-1
-1
-1
-1
-1
-1
-1
-1
-1
-1
-1
-1
-1
-1
-1
-1
-1
-1
-1
-1
-1
-1
-1
-1
-1
-1
-1
-1
-1
-1
-1
-1
-1
-1
-1
-1
-1
-1
-1
-1
-1
-1
-1
-1
-1
-1
-1
-1
-1
-1
-1
-1
-1
-1
-1
-1
-1
-1
-1
-1
-1
-1
-1
-1
-1
-1
-1
-1
-1
-1
-1
-1
-1
-1
-1
-1
-1
-1
-1
-1
-1
-1
-1
-1
-1
-1
-1
-1
-1
-1
-1
-1
-1
-1
-1
-1
-1
-1
-1
-1
-1
-1
-1
-1
-1
-1
-1
-1
-1
-1
-1
-1
-1
-1
-1
-1
-1
-1
-1
-1
-1
-1
-1
-1
-1
-1
-1
-1
-1
-1
-1
-1
-1
-1
-1
-1
-1
-1
-1
-1
-1
-1
-1
-1
-1
-1
-1
-1
-1
-1
-1
-1
-1
-1
-1
-1
-1
-1
-1
-1
-1
-1
-1
-1
-1
-1
-1
-1
-1
-1
-1
-1
-1
-1
-1
-1
-1
-1
-1
-1
-1
-1
-1
-1
-1
-1
-1
-1
-1
-1
-1
-1
-1
-1
-1
-1
-1
-1
-1
-1
-1
-1
-1
-1
-1
-1
-1
-1
-1
-1
-1
-1
-1
-1
-1
-1
-1
-1
-1
-1
-1
-1
-1
-1
-1
-1
-1
-1
-1
-1
-1
-1
-1
-1
-1
-1
-1
-1
-1
-1
-1
-1
-1
-1
-1
-1
-1
-1
-1
-1
-1
-1
-1
-1
-1
-1
-1
-1
-1
-1
-1
-1
-1
-1
-1
-1
-1
-1
-1
-1
-1
-1
-1
-1
-1
-1
-1
-1
-1
-1
-1
-1
-1
-1
-1
-1
-1
-1
-1
-1
-1
-1
-1
-1
-1
-1
-1
-1
-1
-1
-1
-1
-1
-1
-1
-1
-1
-1
-1
-1
-1
-1
-1
-1
-1
-1
-1
-1
-1
-1
-1
-1
-1
-1
-1
-1
-1
-1
-1
-1
-1
-1
-1
-1
-1
-1
-1
-1
-1
-1
-1
-1
-1
-1
-1
-1
-1
-1
-1
-1
-1
-1
-1
-1
-1
-1
-1
-1
-1
-1
-1
-1
-1
-1
-1
-1
-1
-1
-1
-1
-1
-1
-1
-1
-1
-1
-1
-1
-1
-1
-1
-1
-1
-1
-1
-1
-1
-1
-1
-1
-1
-1
-1
-1
-1
-1
-1
-1
-1
-1
-1
-1
-1
-1
-1
-1
-1
-1
-1
-1
-1
-1
-1
-1
-1
-1
-1
-1
-1
-1
-1
-1
-1
-1
-1
-1
-1
-1
-1
-1
-1
-1
-1
-1
-1
-1
-1
-1
-1
-1
-1
-1
-1
-1
-1
-1
-1
-1
-1
-1
-1
-1
-1
-1
-1
-1
-1
-1
-1
-1
-1
-1
-1
-1
-1
-1
-1
-1
-1
-1
-1
-1
-1
-1
-1
-1
-1
-1
-1
-1
-1
-1
-1
-1
-1
-1
-1
-1
-1
-1
-1
-1
-1
-1
-1
-1
-1
-1
-1
-1
-1
-1
-1
-1
-1
-1
-1
-1
-1
-1
-1
-1
-1
-1
-1
-1
-1
-1
-1
-1
-1
-1
-1
-1
-1
-1
-1
-1
-1
-1
-1
-1
-1
-1
-1
-1
-1
-1
-1
-1
-1
-1
-1
-1
-1
-1
-1
-1
-1
-1
-1
-1
-1
-1
-1
-1
-1
-1
-1
-1
-1
-1
-1
-1
-1
-1
-1
-1
-1
-1
-1
-1
-1
-1
-1
-1
-1
-1
-1
-1
-1
-1
-1
-1
-1
-1
-1
-1
-1
-1
-1
-1
-1
-1
-1
-1
-1
-1
-1
-1
-1
-1
-1
-1
-1
-1
-1
-1
-1
-1
-1
-1
-1
-1
-1
-1
-1
-1
-1
-1
-1
-1
-1
-1
-1
-1
-1
-1
-1
-1
-1
-1
-1
-1
-1
-1
-1
-1
-1
-1
-1
-1
-1
-1
-1
-1
-1
-1
-1
-1
-1
-1
-1
-1
-1
-1
-1
-1
-1
-1
-1
-1
-1
-1
-1
-1
-1
-1
-1
-1
-1
-1
-1
-1
-1
-1
-1
-1
-1
-1
-1
-1
-1
-1
-1
-1
-1
-1
-1
-1
-1
-1
-1
-1
-1
-1
-1
-1
-1
-1
-1
-1
-1
-1
-1
-1
-1
-1
-1
-1
-1
-1
-1
-1
-1
-1
-1
-1
-1
-1
-1
-1
-1
-1
-1
-1
-1
-1
-1
-1
-1
-1
-1
-1
-1
-1
-1
-1
-1
-1
-1
-1
-1
-1
-1
-1
-1
-1
-1
-1
-1
-1
-1
-1
-1
-1
-1
-1
-1
-1
-1
-1
-1
-1
-1
-1
-1
-1
-1
-1
-1
-1
-1
-1
-1
-1
-1
-1
-1
-1
-1
-1
-1
-1
-1
-1
-1
-1
-1
-1
-1
-1
-1
-1
-1
-1
-1
-1
-1
-1
-1
-1
-1
-1
-1
-1
-1
-1
-1
-1
-1
-1
-1
-1
-1
-1
-1
-1
-1
-1
-1
-1
-1
-1
-1
-1
-1
-1
-1
-1
-1
-1
-1
-1
-1
-1
-1
-1
-1
-1
-1
-1
-1
-1
-1
-1
-1
-1
-1
-1
-1
-1
-1
-1
-1
-1
-1
-1
-1
-1
-1
-1
-1
-1
-1
-1
-1
-1
-1
-1
-1
-1
-1
-1
-1
-1
-1
-1
-1
-1
-1
-1
-1
-1
-1
-1
-1
-1
-1
-1
-1
-1
-1
-1
-1
-1
-1
-1
-1
-1
-1
-1
-1
-1
-1
-1
-1
-1
-1
-1
-1
-1
-1
-1
-1
-1
-1
-1
-1
-1
-1
-1
-1
-1
-1
-1
-1
-1
-1
-1
-1
-1
-1
-1
-1
-1
-1
-1
-1
-1
-1
-1
-1
-1
-1
-1
-1
-1
-1
-1
-1
-1
-1
-1
-1
-1
-1
-1
-1
-1
-1
-1
-1
-1
-1
-1
-1
-1
-1
-1
-1
-1
-1
-1
-1
-1
-1
-1
-1
-1
-1
-1
-1
-1
-1
-1
-1
-1
-1
-1
-1
-1
-1
-1
-1
-1
-1
-1
-1
-1
-1
-1
-1
-1
-1
-1
-1
-1
-1
-1
-1
-1
-1
-1
-1
-1
-1
-1
-1
-1
-1
-1
-1
-1
-1
-1
-1
-1
-1
-1
-1
-1
-1
-1
-1
-1
-1
-1
-1
-1
-1
-1
-1
-1
-1
-1
-1
-1
-1
-1
-1
-1
-1
-1
-1
-1
-1
-1
-1
-1
-1
-1
-1
-1
-1
-1
-1
-1
-1
-1
-1
-1
-1
-1
-1
-1
-1
-1
-1
-1
-1
-1
-1
-1
-1
-1
-1
-1
-1
-1
-1
-1
-1
-1
-1
-1
-1
-1
-1
-1
-1
-1
-1
-1
-1
-1
-1
-1
-1
-1
-1
-1
-1
-1
-1
-1
-1
-1
-1
-1
-1
-1
-1
-1
-1
-1
-1
-1
-1
-1
-1
-1
-1
-1
-1
-1
-1
-1
-1
-1
-1
-1
-1
-1
-1
-1
-1
-1
-1
-1
-1
-1
-1
-1
-1
-1
-1
-1
-1
-1
-1
-1
-1
-1
-1
-1
-1
-1
-1
-1
-1
-1
-1
-1
-1
-1
-1
-1
-1
-1
-1
-1
-1
-1
-1
-1
-1
-1
-1
-1
-1
-1
-1
-1
-1
-1
-1
-1
-1
-1
-1
-1
-1
-1
-1
-1
-1
-1
-1
-1
-1
-1
-1
-1
-1
-1
-1
-1
-1
-1
-1
-1
-1
-1
-1
-1
-1
-1
-1
-1
-1
-1
-1
-1
-1
-1
-1
-1
-1
-1
-1
-1
-1
-1
-1
-1
-1
-1
-1
-1
-1
-1
-1
-1
-1
-1
-1
-1
-1
-1
-1
-1
-1
-1
-1
-1
-1
-1
-1
-1
-1
-1
-1
-1
-1
-1
-1
-1
-1
-1
-1
-1
-1
-1
-1
-1
-1
-1
-1
-1
-1
-1
-1
-1
-1
-1
-1
-1
-1
-1
-1
-1
-1
-1
-1
-1
-1
-1
-1
-1
-1
-1
-1
-1
-1
-1
-1
-1
-1
-1
-1
-1
-1
-1
-1
-1
-1
-1
-1
-1
-1
-1
-1
-1
-1
-1
-1
-1
-1
-1
-1
-1
-1
-1
-1
-1
-1
-1
-1
-1
-1
-1
-1
-1
-1
-1
-1
-1
-1
-1
-1
-1
-1
-1
-1
-1
-1
-1
-1
-1
-1
-1
-1
-1
-1
-1
-1
-1
-1
-1
-1
-1
-1
-1
-1
-1
-1
-1
-1
-1
-1
-1
-1
-1
-1
-1
-1
-1
-1
-1
-1
-1
-1
-1
-1
-1
-1
-1
-1
-1
-1
-1
-1
-1
-1
-1
-1
-1
-1
-1
-1
-1
-1
-1
-1
-1
-1
-1
-1
-1
-1
-1
-1
-1
-1
-1
-1
-1
-1
-1
-1
-1
-1
-1
-1
-1
-1
-1
-1
-1
-1
-1
-1
-1
-1
-1
-1
-1
-1
-1
-1
-1
-1
-1
-1
-1
-1
-1
-1
-1
-1
-1
-1
-1
-1
-1
-1
-1
-1
-1
-1
-1
-1
-1
-1
-1
-1
-1
-1
-1
-1
-1
-1
-1
-1
-1
-1
-1
-1
-1
-1
-1
-1
-1
-1
-1
-1
-1
-1
-1
-1
-1
-1
-1
-1
-1
-1
-1
-1
-1
-1
-1
-1
-1
-1
-1
-1
-1
-1
-1
-1
-1
-1
-1
-1
-1
-1
-1
-1
-1
-1
-1
-1
-1
-1
-1
-1
-1
-1
-1
-1
-1
-1
-1
-1
-1
-1
-1
-1
-1
-1
-1
-1
-1
-1
-1
-1
-1
-1
-1
-1
-1
-1
-1
-1
-1
-1
-1
-1
-1
-1
-1
-1
-1
-1
-1
-1
-1
-1
-1
-1
-1
-1
-1
-1
-1
-1
-1
-1
-1
-1
-1
-1
-1
-1
-1
-1
-1
-1
-1
-1
-1
-1
-1
-1
-1
-1
-1
-1
-1
-1
-1
-1
-1
-1
-1
-1
-1
-1
-1
-1
-1
-1
-1
-1
-1
-1
-1
-1
-1
-1
-1
-1
-1
-1
-1
-1
-1
-1
-1
-1
-1
-1
-1
-1
-1
-1
-1
-1
-1
-1
-1
-1
-1
-1
-1
-1
-1
-1
-1
-1
-1
-1
-1
-1
-1
-1
-1
-1
-1
-1
-1
-1
-1
-1
-1
-1
-1
-1
-1
-1
-1
-1
-1
-1
-1
-1
-1
-1
-1
-1
-1
-1
-1
-1
-1
-1
-1
-1
-1
-1
-1
-1
-1
-1
-1
-1
-1
-1
-1
-1
-1
-1
-1
-1
-1
-1
-1
-1
-1
-1
-1
-1
-1
-1
-1
-1
-1
-1
-1
-1
-1
-1
-1
-1
-1
-1
-1
-1
-1
-1
-1
-1
-1
-1
-1
-1
-1
-1
-1
-1
-1
-1
-1
-1
-1
-1
-1
-1
-1
-1
-1
-1
-1
-1
-1
-1
-1
-1
-1
-1
-1
-1
-1
-1
-1
-1
-1
-1
-1
-1
-1
-1
-1
-1
-1
-1
-1
-1
-1
-1
-1
-1
-1
-1
-1
-1
-1
-1
-1
-1
-1
-1
-1
-1
-1
-1
-1
-1
-1
-1
-1
-1
-1
-1
-1
-1
-1
-1
-1
-1
-1
-1
-1
-1
-1
-1
-1
-1
-1
-1
-1
-1
-1
-1
-1
-1
-1
-1
-1
-1
-1
-1
-1
-1
-1
-1
-1
-1
-1
-1
-1
-1
-1
-1
-1
-1
-1
-1
-1
-1
-1
-1
-1
-1
-1
-1
-1
-1
-1
-1
-1
-1
-1
-1
-1
-1
-1
-1
-1
-1
-1
-1
-1
-1
-1
-1
-1
-1
-1
-1
-1
-1
-1
-1
-1
-1
-1
-1
-1
-1
-1
-1
-1
-1
-1
-1
-1
-1
-1
-1
-1
-1
-1
-1
-1
-1
-1
-1
-1
-1
-1
-1
-1
-1
-1
-1
-1
-1
-1
-1
-1
-1
-1
-1
-1
-1
-1
-1
-1
-1
-1
-1
-1
-1
-1
-1
-1
-1
-1
-1
-1
-1
-1
-1
-1
-1
-1
-1
-1
-1
-1
-1
-1
-1
-1
-1
-1
-1
-1
-1
-1
-1
-1
-1
-1
-1
-1
-1
-1
-1
-1
-1
-1
-1
-1
-1
-1
-1
-1
-1
-1
-1
-1
-1
-1
-1
-1
-1
-1
-1
-1
-1
-1
-1
-1
-1
-1
-1
-1
-1
-1
-1
-1
-1
-1
-1
-1
-1
-1
-1
-1
-1
-1
-1
-1
-1
-1
-1
-1
-1
-1
-1
-1
-1
-1
-1
-1
-1
-1
-1
-1
-1
-1
-1
-1
-1
-1
-1
-1
-1
-1
-1
-1
-1
-1
-1
-1
-1
-1
-1
-1
-1
-1
-1
-1
-1
-1
-1
-1
-1
-1
-1
-1
-1
-1
-1
-1
-1
-1
-1
-1
-1
-1
-1
-1
-1
-1
-1
-1
-1
-1
-1
-1
-1
-1
-1
-1
-1
-1
-1
-1
-1
-1
-1
-1
-1
-1
-1
-1
-1
-1
-1
-1
-1
-1
-1
-1
-1
-1
-1
-1
-1
-1
-1
-1
-1
-1
-1
-1
-1
-1
-1
-1
-1
-1
-1
-1
-1
-1
-1
-1
-1
-1
-1
-1
-1
-1
-1
-1
-1
-1
-1
-1
-1
-1
-1
-1
-1
-1
-1
-1
-1
-1
-1
-1
-1
-1
-1
-1
-1
-1
-1
-1
-1
-1
-1
-1
-1
-1
-1
-1
-1
-1
-1
-1
-1
-1
-1
-1
-1
-1
-1
-1
-1
-1
-1
-1
-1
-1
-1
-1
-1
-1
-1
-1
-1
-1
-1
-1
-1
-1
-1
-1
-1
-1
-1
-1
-1
-1
-1
-1
-1
-1
-1
-1
-1
-1
-1
-1
-1
-1
-1
-1
-1
-1
-1
-1
-1
-1
-1
-1
-1
-1
-1
-1
-1
-1
-1
-1
-1
-1
-1
-1
-1
-1
-1
-1
-1
-1
-1
-1
-1
-1
-1
-1
-1
-1
-1
-1
-1
-1
-1
-1
-1
-1
-1
-1
-1
-1
-1
-1
-1
-1
-1
-1
-1
-1
-1
-1
-1
-1
-1
-1
-1
-1
-1
-1
-1
-1
-1
-1
-1
-1
-1
-1
-1
-1
-1
-1
-1
-1
-1
-1
-1
-1
-1
-1
-1
-1
-1
-1
-1
-1
-1
-1
-1
-1
-1
-1
-1
-1
-1
-1
-1
-1
-1
-1
-1
-1
-1
-1
-1
-1
-1
-1
-1
-1
-1
-1
-1
-1
-1
-1
-1
-1
-1
-1
-1
-1
-1
-1
-1
-1
-1
-1
-1
-1
-1
-1
-1
-1
-1
-1
-1
-1
-1
-1
-1
-1
-1
-1
-1
-1
-1
-1
-1
-1
-1
-1
-1
-1
-1
-1
-1
-1
-1
-1
-1
-1
-1
-1
-1
-1
-1
-1
-1
-1
-1
-1
-1
-1
-1
-1
-1
-1
-1
-1
-1
-1
-1
-1
-1
-1
-1
-1
-1
-1
-1
-1
-1
-1
-1
-1
-1
-1
-1
-1
-1
-1
-1
-1
-1
-1
-1
-1
-1
-1
-1
-1
-1
-1
-1
-1
-1
-1
-1
-1
